60
90
6
245
238
244
246
42
61
125
132
58
81
193
82
191
215
250
127
110
246
129
180
156
74
253
56
73
99
24
167
58
212
152
2
240
127
217
158
129
252
206
14
64
94
211
144
87
245
144
165
246
176
250
20
191
186
82
194
13
24
114
112
77
64
211
148
234
18
148
229
223
236
213
170
17
70
124
238
144
199
111
230
158
225
237
15
214
129
156
238
64
165
123
92
230
63
76
80
244
207
94
99
31
179
172
66
69
0
189
184
75
215
53
174
111
30
1
185
211
179
151
16
110
37
45
58
179
125
218
156
49
58
156
49
33
125
13
205
212
159
44
70
120
55
244
217
187
18
50
14
65
213
250
45
113
4
137
172
94
247
235
117
220
11
48
143
167
25
154
142
238
120
150
148
38
137
29
76
144
215
159
71
151
18
193
98
36
4
3
209
147
48
95
50
12
143
153
116
212
97
163
115
102
210
50
40
10
233
70
49
189
176
18
206
49
98
188
73
174
174
137
200
26
13
152
69
254
162
203
147
248
167
67
73
200
18
13
29
172
241
67
191
15
176
211
90
62
121
122
158
212
138
70
47
11
109
23
59
67
241
166
186
39
117
128
59
139
71
32
59
19
171
201
46
227
207
174
154
16
179
0
55
208
86
130
216
223
49
93
134
57
70
95
217
171
46
136
74
160
49
112
143
125
210
11
98
97
211
100
146
251
169
210
175
106
45
37
62
130
0
149
113
200
144
49
61
45
236
229
211
188
35
40
206
211
226
138
200
240
148
124
67
237
82
182
20
12
121
110
167
164
94
45
169
53
206
228
225
86
43
87
3
64
75
210
176
23
60
152
85
137
143
213
171
10
82
73
129
212
105
37
161
198
30
151
247
144
238
195
47
171
234
133
132
162
237
1
240
99
203
184
71
59
90
62
48
9
6
4
25
63
37
8
198
135
199
129
149
113
147
101
174
246
200
34
32
132
187
171
249
194
175
78
225
22
159
65
98
151
72
82
92
196
250
218
243
61
164
39
109
152
246
243
62
104
226
184
6
24
155
232
25
47
195
115
228
9
75
57
211
51
253
60
164
173
96
101
26
211
65
117
218
170
97
63
71
6
226
133
249
255
40
200
232
217
100
228
117
244
131
220
57
158
153
14
118
142
164
227
128
241
199
125
184
87
210
244
58
31
31
40
12
47
60
180
9
84
153
70
215
151
137
218
199
36
189
124
67
163
216
106
88
15
10
251
78
8
167
105
153
175
163
44
173
12
224
229
181
102
246
123
209
19
211
159
47
123
179
212
233
61
152
78
4
55
11
134
34
215
65
254
103
184
95
104
180
163
121
132
247
0
18
143
75
152
95
31
29
27
90
72
179
174
145
60
167
202
102
235
163
67
169
222
15
215
151
249
220
144
240
150
169
179
60
11
196
120
161
211
196
1
245
249
254
159
163
247
203
161
255
165
234
38
15
244
75
55
231
112
0
22
222
232
170
238
72
168
137
36
78
237
3
234
209
20
203
168
167
178
169
99
20
103
202
197
201
0
241
236
113
120
162
154
237
131
38
151
108
97
228
5
11
180
212
15
166
98
123
181
46
242
53
72
86
35
238
56
120
195
24
171
134
115
183
178
90
243
165
101
61
70
212
88
33
191
89
149
166
233
5
214
233
138
129
0
246
28
249
126
125
1
117
72
143
154
91
20
223
109
179
60
171
107
234
208
145
239
87
115
62
47
235
188
127
214
69
120
143
249
111
238
140
199
178
230
57
9
123
40
61
247
251
61
22
206
235
80
80
168
111
138
93
218
123
38
101
226
94
205
209
131
235
140
14
41
26
211
152
66
118
255
182
214
168
22
152
163
247
26
191
132
144
120
118
22
225
123
77
26
203
169
253
246
133
56
192
69
92
18
85
132
37
146
134
84
123
81
30
143
26
23
115
113
45
221
28
146
37
250
171
78
162
244
112
32
247
131
43
76
162
187
182
249
44
5
87
11
174
15
157
53
97
192
213
36
113
115
49
165
124
181
142
61
107
203
73
47
157
96
208
251
38
3
211
184
177
107
22
246
206
218
243
206
208
177
158
54
141
157
117
11
207
54
227
70
30
108
178
159
121
235
73
128
196
176
42
36
12
132
78
123
171
147
229
223
174
68
40
241
73
73
150
1
202
33
226
3
53
50
54
188
49
210
192
55
52
165
44
39
48
59
80
16
122
142
140
217
247
139
169
126
172
62
137
164
104
103
196
83
0
134
171
69
54
178
160
213
154
127
60
87
62
9
196
139
175
145
217
192
28
143
115
218
145
155
136
253
113
142
225
53
69
218
21
66
112
239
83
42
94
120
166
110
239
73
198
212
52
26
206
159
219
138
88
198
95
23
223
175
245
134
4
251
221
186
23
27
39
55
69
57
131
0
122
55
116
241
19
42
155
151
10
137
99
199
205
174
186
222
30
179
89
57
151
251
189
91
178
64
255
83
33
112
104
208
82
114
85
107
201
21
230
116
17
176
75
123
219
108
198
111
140
111
128
21
53
109
40
224
65
52
237
125
54
64
215
122
66
255
166
41
199
238
28
214
150
196
120
237
196
0
121
157
206
17
33
22
198
229
225
89
80
254
217
103
198
170
0
158
119
188
248
140
83
46
92
8
192
61
134
40
150
200
180
110
228
162
166
80
165
198
143
125
249
158
40
204
175
103
227
237
237
106
18
122
206
93
82
167
62
238
19
71
79
88
0
69
120
186
255
180
246
121
120
21
113
159
249
67
34
236
67
203
164
109
158
167
78
212
18
163
47
100
71
144
145
185
111
98
39
227
154
198
91
149
158
8
219
234
67
179
52
86
13
16
54
154
53
150
211
213
159
180
55
120
205
89
199
23
43
83
75
255
158
44
201
177
66
45
47
129
227
82
175
21
39
238
144
105
67
150
249
147
251
107
190
250
200
166
106
34
145
117
81
206
190
43
154
146
58
192
57
1
50
49
44
217
203
31
132
189
214
221
44
155
169
22
94
10
47
236
0
201
22
87
234
89
34
182
173
35
179
178
240
96
48
101
67
7
50
241
116
88
159
150
118
29
89
34
16
164
191
191
242
154
0
81
191
117
171
156
124
164
200
35
31
39
200
168
164
100
155
214
198
52
48
33
39
75
38
244
98
2
31
29
108
45
243
207
89
54
45
183
130
225
255
53
209
196
200
149
75
174
30
209
53
232
160
36
118
164
158
202
107
225
20
125
44
168
98
48
233
143
58
19
72
192
13
100
32
168
35
32
133
81
174
156
56
191
133
149
186
127
83
180
63
104
214
94
54
10
251
38
48
171
21
150
206
152
54
214
75
172
150
252
31
153
149
51
250
173
250
241
177
237
253
5
5
252
59
11
5
243
196
125
31
77
255
71
186
58
248
158
193
118
196
83
154
146
96
55
130
203
241
171
116
138
135
239
56
241
185
77
144
222
63
178
185
155
216
151
221
77
104
121
130
28
56
110
145
190
35
204
153
210
97
161
4
148
223
208
152
245
90
57
129
114
188
96
252
169
192
172
161
215
144
38
131
71
32
80
125
19
220
111
6
212
142
26
130
82
158
55
119
196
132
89
80
19
253
203
23
71
89
6
149
208
213
159
247
139
218
172
212
237
250
135
154
144
211
180
123
167
170
121
177
236
219
101
214
228
24
140
153
7
247
120
61
104
184
24
71
135
229
79
177
145
224
187
124
38
163
255
176
130
112
57
138
218
167
241
219
15
93
156
196
168
58
179
117
21
23
12
30
229
117
138
214
248
8
25
11
133
131
157
242
113
242
149
199
22
241
171
192
168
57
221
55
124
169
16
23
28
38
127
27
38
201
101
243
36
111
175
117
215
162
133
218
190
99
196
46
217
7
158
71
58
250
220
155
15
233
94
75
39
217
123
166
55
97
179
128
171
161
113
236
126
170
79
147
235
64
113
223
124
225
94
127
108
87
148
14
140
81
54
84
189
58
157
141
130
38
131
82
123
93
84
111
211
176
58
118
210
158
19
108
197
38
221
79
120
122
232
5
99
231
242
242
226
20
33
192
69
106
211
174
138
38
70
4
38
8
94
243
225
155
228
2
5
244
168
254
226
97
123
137
235
153
227
162
54
196
172
215
65
160
218
224
67
74
191
165
227
134
30
161
18
16
244
213
116
54
38
247
88
157
228
186
104
43
217
92
205
140
7
187
128
69
228
77
82
197
219
103
174
224
83
119
58
210
28
122
187
248
143
202
62
17
193
197
130
30
218
35
27
103
21
128
185
52
24
241
17
204
102
96
60
81
245
20
148
151
48
158
80
84
151
128
77
213
161
249
61
167
53
152
222
149
1
7
214
124
132
53
109
161
49
99
88
20
106
109
141
108
175
29
142
188
223
72
113
21
149
42
83
162
168
5
250
49
245
238
101
166
196
41
226
137
166
141
242
163
128
189
14
0
153
209
173
0
39
206
223
41
50
156
181
225
6
121
62
159
35
124
102
51
11
138
176
47
76
91
20
126
125
202
3
135
174
61
34
122
2
120
248
114
10
106
204
72
224
86
19
143
123
37
154
32
186
45
248
64
96
50
231
3
55
86
218
6
127
9
100
144
10
178
158
90
123
223
23
108
199
251
90
160
84
234
192
48
131
84
234
123
67
249
204
210
91
151
226
126
78
222
176
154
15
136
60
185
139
211
73
81
21
46
215
144
29
118
73
116
178
210
211
129
113
241
109
244
213
131
48
86
213
69
164
189
176
33
125
225
157
129
155
87
17
215
103
99
200
231
200
0
14
147
91
133
219
241
191
168
116
122
198
229
107
17
209
92
78
108
18
217
184
204
16
194
206
67
229
102
116
144
69
76
114
53
249
219
171
236
59
50
252
46
94
14
37
55
124
218
172
220
107
9
99
34
176
184
82
123
9
61
234
79
138
131
82
39
251
18
85
9
211
190
193
92
111
70
202
214
191
117
226
213
216
174
25
190
172
16
243
214
87
6
208
236
77
99
191
2
42
245
234
8
96
203
101
95
117
152
73
30
243
69
109
143
87
143
139
28
245
221
85
116
89
87
233
26
196
126
45
227
51
253
42
66
102
45
227
208
171
163
222
64
150
234
148
13
39
215
84
154
181
148
189
187
169
197
131
129
43
153
137
221
109
76
191
245
137
105
128
37
84
121
50
38
222
59
170
123
206
9
164
219
115
9
65
96
18
177
220
253
4
218
168
63
117
114
83
182
79
198
141
116
165
73
152
154
10
158
208
76
161
52
195
186
96
120
46
186
198
195
192
163
93
28
224
19
79
219
29
198
202
84
139
119
131
87
2
55
38
230
206
209
80
227
57
233
220
114
4
124
196
203
162
106
121
16
157
121
168
46
233
146
68
242
111
113
202
250
37
135
231
115
202
71
164
207
111
149
135
157
153
110
5
126
122
132
151
167
86
53
13
12
226
182
40
110
52
83
38
188
127
19
112
33
146
15
87
169
52
86
28
177
86
95
227
143
234
14
59
108
97
165
50
182
215
222
166
113
13
96
135
129
98
31
230
183
228
23
224
158
233
238
35
208
69
30
186
140
56
5
54
75
151
71
190
102
151
223
51
48
92
225
245
71
80
160
160
159
9
168
190
164
108
153
121
43
130
135
109
181
75
203
76
7
143
182
196
231
69
197
90
35
157
142
128
166
36
93
155
249
42
25
96
237
14
199
161
79
161
98
89
120
232
95
219
26
145
157
152
143
65
215
24
15
231
235
30
237
222
131
149
11
146
160
138
117
21
51
30
224
143
192
89
119
65
184
196
85
27
45
74
243
194
209
110
37
131
133
172
213
181
41
217
59
5
164
15
207
83
237
192
203
110
17
190
160
24
208
231
150
161
178
18
66
150
215
106
228
86
216
70
7
10
19
87
241
220
33
212
138
243
24
180
206
186
21
139
217
32
170
85
34
66
65
162
17
246
23
22
29
100
115
44
252
10
74
136
42
54
120
36
60
173
51
226
33
100
77
201
247
242
129
54
251
215
128
149
191
9
39
59
91
196
28
0
147
206
235
22
141
86
54
108
68
193
236
83
109
199
206
197
186
71
137
127
164
131
39
35
74
221
98
3
23
144
8
185
182
161
169
214
204
12
34
79
139
149
68
223
150
169
177
213
89
119
204
233
169
185
193
128
52
208
204
12
54
219
209
200
41
206
254
30
12
172
180
60
218
5
210
17
64
161
160
100
234
231
55
166
36
125
39
245
169
32
227
203
154
188
22
215
109
197
11
193
177
149
157
168
54
45
181
125
158
230
3
70
70
99
120
120
171
29
179
90
229
185
141
100
6
122
0
26
84
108
247
100
146
185
109
81
235
125
62
17
2
31
85
126
128
170
11
57
76
178
201
18
122
199
50
248
45
235
99
83
206
10
19
60
86
108
74
164
89
148
12
32
125
215
116
157
71
191
106
97
78
52
2
177
17
135
238
46
20
193
114
90
184
22
156
53
56
3
155
150
5
108
215
32
147
5
107
223
118
162
66
139
186
123
94
176
74
211
232
141
19
45
39
141
68
18
191
149
0
74
112
159
149
89
62
5
39
207
72
185
35
217
104
157
202
47
24
181
211
116
245
255
101
0
214
51
144
139
31
9
135
239
19
46
237
222
204
53
114
183
209
250
103
114
100
184
208
40
214
105
239
225
14
228
95
31
216
153
92
69
87
35
211
98
245
242
192
250
246
164
191
126
133
2
204
39
15
191
122
31
116
114
13
80
26
37
131
88
150
56
106
194
134
237
156
35
199
147
101
220
