235
4
139
66
18
188
194
48
8
139
50
123
68
163
239
161
55
219
211
14
78
125
27
240
233
0
58
18
42
139
190
3
1
87
189
27
190
2
49
127
188
177
139
100
254
150
170
201
224
101
70
16
6
11
72
216
116
247
227
171
34
104
245
202
131
101
7
206
226
221
188
15
95
26
158
164
146
210
117
44
76
152
250
70
219
82
141
236
255
110
30
181
250
202
25
72
59
72
133
226
140
241
232
104
154
232
125
41
231
78
138
86
110
231
102
158
16
75
253
221
188
158
59
189
240
162
74
182
61
226
218
126
0
172
21
59
166
104
12
196
0
91
151
65
248
13
24
199
64
27
69
68
23
151
8
209
43
71
136
49
113
25
137
37
59
163
56
14
99
9
242
154
51
216
213
57
143
1
2
254
83
82
226
208
32
79
54
25
236
253
129
173
129
234
162
200
20
75
23
254
70
188
203
143
100
63
38
207
85
61
181
218
31
202
109
114
178
98
58
208
160
61
226
192
94
27
103
206
77
0
28
199
101
203
139
16
193
242
23
240
246
177
2
21
235
12
165
35
56
238
165
185
232
1
194
231
140
121
220
252
69
161
47
47
22
179
242
65
222
196
21
249
162
236
95
189
24
40
203
108
139
238
64
74
174
83
75
130
154
25
44
59
189
78
8
244
192
137
10
198
233
111
184
77
16
0
86
38
56
8
141
247
237
199
137
47
156
41
132
53
231
112
68
117
22
134
77
210
29
92
203
241
146
61
133
53
192
171
132
89
197
195
43
15
51
39
107
83
173
207
137
35
221
106
110
237
35
186
215
70
109
163
164
90
66
240
155
245
202
214
4
2
57
37
206
169
252
112
119
78
147
213
179
107
185
128
105
139
35
144
195
7
91
121
203
239
221
123
53
10
26
139
134
41
130
153
135
52
121
37
38
9
53
5
246
8
161
243
175
229
155
125
86
181
239
94
134
49
0
173
86
139
160
137
120
248
31
199
3
241
164
175
110
189
86
44
111
47
126
28
168
18
173
13
238
9
43
7
109
113
8
251
56
53
196
255
193
70
0
71
105
97
105
179
248
46
64
47
155
196
73
99
233
104
129
168
35
75
52
217
92
49
43
102
69
99
134
37
63
150
179
217
233
213
148
33
252
47
95
37
2
222
21
16
238
7
190
90
238
117
95
88
245
78
109
187
24
162
156
213
152
172
51
141
36
99
135
113
94
28
238
63
164
8
89
36
182
105
55
183
128
207
44
25
52
178
207
247
69
97
191
72
197
0
18
146
176
170
145
251
15
35
182
44
25
134
14
97
167
169
10
26
164
12
234
35
21
45
93
147
135
148
88
155
44
181
199
146
77
9
148
188
246
246
214
183
219
28
52
59
102
8
118
128
242
217
119
209
115
145
20
230
213
253
252
26
111
108
233
186
171
207
5
27
151
26
71
179
246
149
178
244
239
95
247
191
232
133
74
50
240
250
187
125
221
26
101
35
130
120
150
34
9
79
106
204
187
104
249
199
140
193
37
44
11
157
105
155
70
4
118
151
121
43
219
45
35
222
22
152
18
116
169
99
50
40
218
205
176
80
176
76
243
244
32
160
201
133
98
110
70
30
107
238
40
10
34
26
24
57
165
124
34
63
61
185
188
176
91
48
163
131
153
189
50
254
9
80
77
235
91
147
223
225
159
119
66
212
186
69
241
191
29
128
69
16
166
23
188
127
9
76
162
113
208
205
8
242
108
142
13
118
4
153
146
229
81
110
65
212
65
165
44
208
222
68
0
35
133
151
208
190
126
178
47
14
172
200
87
2
147
199
12
114
78
189
4
218
154
49
231
76
28
166
42
84
148
14
138
199
64
139
74
163
136
205
7
126
90
172
241
29
182
66
60
17
19
26
71
59
126
61
252
121
11
87
189
245
110
39
88
190
187
33
249
216
181
182
30
141
28
5
160
162
125
186
184
238
42
67
254
75
101
181
16
233
58
207
217
126
0
186
240
248
221
210
18
149
63
157
18
2
224
158
212
214
209
129
151
244
166
207
92
190
101
5
169
171
9
69
233
91
127
208
98
151
113
103
252
46
173
251
93
147
241
230
142
131
239
213
202
228
36
133
168
106
91
55
12
47
226
204
205
243
155
167
195
214
245
42
18
4
66
80
20
248
24
206
149
212
199
53
146
107
202
40
230
195
127
214
34
125
248
206
44
188
92
204
170
8
2
223
136
202
28
74
27
113
248
9
150
127
248
118
161
226
0
104
156
36
225
114
161
11
6
202
240
62
77
86
99
28
181
225
201
219
25
53
57
63
16
252
24
139
195
190
97
201
45
57
96
132
238
33
23
84
167
27
121
6
52
130
243
14
113
172
206
62
150
242
80
211
109
16
248
73
10
152
211
153
80
173
110
229
3
249
13
28
107
245
192
24
103
39
6
101
208
214
138
161
9
190
47
137
58
221
195
44
152
153
186
199
103
59
251
168
218
137
10
93
221
214
50
182
85
173
230
74
221
190
136
140
60
180
13
245
224
110
145
106
140
131
50
242
217
61
179
121
191
246
226
162
157
56
138
253
5
227
100
131
64
204
45
147
83
246
212
43
35
44
139
159
252
195
113
167
10
79
165
97
67
105
104
37
8
225
98
156
72
143
139
126
184
68
112
161
212
150
17
18
76
72
236
179
181
163
95
24
130
66
123
134
235
174
246
122
50
110
196
16
23
2
138
27
107
109
118
208
112
83
233
45
126
76
108
129
191
251
74
64
45
234
176
197
88
33
253
153
234
118
194
210
216
115
193
247
27
182
116
141
3
158
141
176
179
230
21
198
81
136
236
155
144
83
20
151
242
116
106
177
136
176
144
179
55
125
137
251
23
39
205
6
4
244
22
184
185
225
167
118
84
131
22
214
38
65
105
189
144
229
49
123
117
208
22
114
18
237
88
113
94
116
44
99
254
141
110
233
64
139
124
14
49
90
147
157
128
9
240
234
218
135
101
202
104
168
202
151
222
183
95
205
75
167
106
204
137
13
155
249
233
85
182
76
18
142
135
254
41
7
164
170
57
21
204
89
165
138
33
152
153
243
67
125
177
187
15
161
252
4
144
121
191
253
104
98
156
26
196
137
2
74
17
253
14
109
152
149
171
251
214
241
103
149
188
225
64
88
168
66
145
172
75
58
195
221
213
165
168
56
165
235
95
139
197
120
247
144
203
182
98
219
212
251
207
31
97
50
87
199
189
57
73
133
206
40
58
129
119
228
20
29
147
218
135
133
104
30
221
229
104
142
225
238
245
194
20
237
182
120
90
183
204
90
254
119
163
3
241
166
136
226
20
179
219
59
199
134
9
117
83
253
251
97
99
15
103
2
60
12
254
125
110
254
146
224
202
230
80
131
59
156
15
235
83
90
178
48
16
22
50
34
186
169
28
190
24
127
71
172
41
129
122
70
187
113
241
115
64
162
230
28
162
204
231
208
104
77
102
244
96
179
158
194
247
41
155
215
156
204
6
216
197
217
94
219
186
188
193
43
44
98
234
133
67
99
16
47
241
184
217
96
162
31
12
161
100
216
233
60
22
171
176
248
106
1
179
54
159
22
100
125
88
79
25
235
147
214
44
7
9
185
111
102
121
205
76
137
144
89
98
9
198
41
123
18
147
233
49
141
47
145
110
218
73
213
103
222
24
231
217
49
77
191
80
210
68
201
253
195
55
184
29
161
197
65
121
45
1
191
238
82
184
225
249
146
40
26
244
215
251
207
2
37
39
126
213
104
171
68
23
193
179
38
64
5
85
188
135
16
133
177
104
115
92
47
183
49
87
98
225
247
127
199
199
1
161
222
186
85
63
159
181
56
252
122
252
219
229
22
159
168
159
156
169
223
147
236
248
83
12
115
155
1
128
183
52
187
117
104
78
200
88
129
146
235
183
96
13
76
91
8
124
254
90
106
8
173
44
34
74
187
194
24
231
202
149
63
47
203
68
13
65
197
70
112
46
42
46
20
237
238
198
88
33
206
80
161
223
66
17
255
31
190
159
156
67
221
63
49
235
174
5
92
20
69
13
126
217
235
122
91
136
218
188
50
186
119
82
201
141
33
254
143
166
246
58
42
67
101
55
74
175
212
142
155
122
43
26
40
155
47
230
137
60
92
125
162
211
149
61
75
202
24
90
116
13
12
68
13
241
74
192
55
33
196
152
37
17
170
146
4
14
210
225
100
89
250
76
89
224
137
119
129
221
5
177
21
169
224
239
175
227
172
11
164
214
249
82
13
225
152
213
166
214
4
204
164
187
148
222
104
57
246
85
28
18
113
111
54
161
90
219
120
233
42
15
34
201
204
134
16
16
92
14
162
172
252
7
124
220
33
62
22
62
86
125
154
70
216
13
39
33
7
37
114
87
228
201
75
211
175
54
9
80
239
69
90
98
238
14
216
255
233
221
26
38
225
118
161
110
202
6
29
232
231
169
133
69
159
221
138
249
96
244
53
168
52
253
167
55
182
36
82
188
0
227
240
182
97
214
206
237
9
17
33
64
164
164
21
16
111
100
162
227
170
109
232
65
64
248
112
217
103
16
154
64
241
194
14
3
182
37
103
59
18
225
203
50
206
82
169
72
43
195
73
190
115
