-1.18760955 -0.583093464
-0.845798552 -0.626948714
1.13623643 0.584546328
-0.829749703 0.546965241
0.988862455 0.770332873
-0.401568383 0.900578678
-0.262910396 1.00550544
-1.03669846 -0.514593184
0.866089225 0.519209146
0.478062481 -1.08587444
0.175362974 -1.06490016
-0.0176807828 -0.65336597
-0.326380432 0.955236852
-0.42553252 0.737407386
-0.898466229 -0.15412806
-0.145300344 1.04175782
0.294375151 -1.21870399
-1.42759693 -0.392943591
0.0567477159 -1.46912491
0.909367919 0.0964204893
-0.0575269163 1.71610951
1.05983889 0.0332894325
-0.0839163512 1.47122347
-0.218993306 -1.05365801
1.19456744 -0.383402169
-0.247942522 -1.32659328
-0.0632003322 -1.38645089
0.0843055099 -1.55884004
-0.157173231 -1.2741549
-0.272683203 -1.58060145
-0.140397489 1.2580055
0.239369899 1.46623969
0.615960002 1.13310599
0.567792714 1.42771494
0.688068092 1.51085937
-1.22008014 0.733108699
1.16879451 -0.85163343
-0.588871002 -1.30046034
1.34605396 -0.702430725
1.02720416 1.18081343
-1.15646684 1.1124233
1.07445526 -1.03767788
-1.05205309 1.028844
0.964936137 1.11216033
0.960943878 1.08377194
1.04208064 1.18118167
0.899956763 -0.877740204
-0.840823114 -1.02015758
-1.0194937 0.849800408
1.15640938 0.942536116
-1.60631716 -1.09430921
-0.702462554 1.38467908
-1.31895745 -0.813429892
-0.791065395 1.37786186
-0.648902953 1.32612634
-0.780932546 1.63116872
-0.674367964 1.202981
-0.473426938 1.45632362
1.37238121 0.448963821
0.573318005 -1.82939959
-1.58289766 -0.342232436
-0.680206239 1.42793286
1.92999959 0.229894862
-0.151185796 -1.51952589
-0.0918235779 1.6844672
1.50569403 0.209082171
-0.0660740808 -1.52011859
0.174291015 1.52712119
-1.39509642 0.376912296
-0.116701007 -1.24876082
0.308949858 1.29901028
1.70846939 -0.344093144
-1.59159672 0.290699124
1.33736455 -0.288749814
1.21854234 -0.356706232
-0.428860486 -1.67417657
-0.56216681 -1.58638585
-0.587382674 -1.31170273
-0.394286871 -1.38994229
1.29658937 -0.745575845
-0.510941803 -1.32608128
-1.00420785 -1.1148572
-0.94615835 0.548210442
-1.14016497 1.11417365
0.391467959 1.04855359
-0.960950375 0.82048279
0.659596384 0.695368767
0.695325136 -0.958971441
0.838497877 0.497586042
1.06332004 0.543832541
0.647108614 -1.17561674
0.85401392 0.314768821
-0.565474629 1.12877584
0.499784321 -1.07055891
0.462205619 -0.954750359
1.03409517 0.395531327
-0.317939997 1.02805889
-0.0518630594 0.980693996
1.00977612 0.251495391
0.0722667202 -1.02238667
-0.268111676 0.934816301
1.21513677 0.231461227
1.2687695 -0.0527746826
-0.112192117 -0.813419282
0.636306167 0.166628078
-0.03611321 -0.983473837
0.913432181 -0.10137853
0.129396677 0.624369621
0.16466324 -0.283401489
-0.0467000343 -0.360979825
-0.048492115 -0.444578022
0.292901754 -0.179509938
0.0190361701 0.0205518361
0.227094159 -0.1552618
-0.265499294 -0.448316813
0.265877366 0.249231651
-0.0230188649 -0.499119371
-0.0177368764 0.301656038
-0.126117125 0.277590334
0.0336594544 -0.365146577
0.400515258 -0.169312388
0.0887602568 -0.299679726
0.226648748 -0.369321376
0.415702075 -0.00498674717
-0.178741038 -0.180329651
-0.0694758072 0.341136277
-0.127966926 -0.66689992
0.0682180002 -0.455937475
0.236951426 -0.101619191
0.336566776 0.256584108
-0.207811758 0.0594889633
-0.288234949 0.0814224705
-0.274410725 -0.219171584
0.0909737945 -0.5703668
-0.265745103 0.196419731
0.386198759 0.0188635644
-0.350473136 0.456320196
0.425810784 0.537035167
-0.601999462 0.567983091
0.297154307 -0.571874022
-0.204155058 0.195818752
-0.203891605 0.119563833
0.569081247 0.12179146
0.450282216 0.271326691
-0.70742631 -0.287544399
0.185838044 -0.598707139
-0.196239293 0.5554564
-0.498653382 0.0990208387
0.540883422 0.172631726
0.122404769 -0.351438731
-0.34990862 0.0402165391
0.439946532 0.343916953
0.204256549 -0.470555425
0.0812950432 0.526885331
0.296489179 -0.447889537
0.00869910978 -0.542799473
0.743930757 -0.150296167
0.596784353 -0.0467737317
0.512411237 -0.307413727
0.663226664 -0.326263815
-0.260771573 -0.693473101
-0.344272435 -0.936022222
-0.596772194 0.482083112
-0.342647612 0.549673259
-0.200350687 -0.403326839
-0.514801383 0.605548203
-0.743884981 -0.456333727
0.297226399 0.32118082
0.336379826 0.771317184
0.322496951 0.384128153
0.314530551 0.318886071
-0.387692004 0.551069319
-0.117843173 1.01585782
-0.400941432 0.571285188
0.96443975 0.384382904
0.399112999 -0.717271984
-0.0314072222 1.02672386
0.864919364 0.410518199
-0.624558151 -0.390257716
0.391162187 -0.900949836
-0.0707235411 -0.33135891
0.711855888 0.349501938
-0.36605078 0.804112971
0.738156199 0.15890047
-0.807127833 0.145840228
-0.859011352 -0.197796762
-0.932561636 0.193857029
-0.398091853 -0.77238822
-0.314624846 -0.840524495
0.036101222 0.889653385
0.234820589 1.08424187
0.902445972 -0.297145963
0.136612311 0.668744683
-1.15953183 0.149006411
-0.344132751 -0.758709252
0.438990265 0.943646669
-0.224880904 -0.675604224
-0.859457254 0.565838635
0.645051599 -0.229432598
-0.244386569 -0.916536927
-0.780891597 -0.700770497
-0.593481183 -0.541978121
0.663721144 0.798804224
-0.682609916 -0.775461674
-0.531233549 0.348653555
0.539752722 1.21409214
-0.747154534 0.657174349
-0.678576767 -0.821431339
-0.712551475 0.436732233
0.513034403 0.695794344
-0.46025449 -0.567084432
0.381207615 0.792412877
0.861659884 -0.659364581
0.891665101 0.573300481
0.930117369 -0.472275943
-0.685164213 -0.582930684
