-0.254155755 -0.157324255
-0.254155755 -0.157324255
0.110142 -0.0037357281
-0.586348474 -0.0441188365
-0.517196655 0.0421916097
-0.568895102 0.12604557
-0.0986086875 0.314204901
0.182095334 -0.0193603858
-0.471912533 -0.273206234
-0.226513639 0.355635405
-0.10518378 0.475292027
-0.575678408 0.467064917
0.105685346 0.169910073
-0.108526871 0.394553244
-0.272847563 0.637310505
-0.119198218 0.709181726
-0.035054937 0.370040089
-0.0695269927 0.357799828
0.142079428 0.522306561
0.334722847 0.564895213
0.380592704 0.0663765371
0.70181495 0.403119981
0.438696355 0.435067683
0.105727665 0.593682706
0.595003486 0.309271246
0.718315899 0.209164292
0.926491439 0.155027747
0.619328976 0.309599072
0.378960133 0.484033436
0.870625317 -0.113005735
0.500992417 0.327916324
0.523984373 0.124386601
0.900549948 -0.181002423
0.247654706 -0.123283975
0.871972859 0.128846705
0.464843214 -0.221292108
0.467356831 -0.140927359
0.952608824 0.130833253
0.494532585 -0.25967887
0.457213432 -0.812412024
0.963280439 -0.24236697
0.903504908 -0.63656503
0.447504193 -0.601796448
0.8313272 -0.719099045
0.282023042 -0.282014728
-0.134521633 -0.364255011
0.429952413 -0.706192613
0.919044137 -0.729029298
0.745389223 -1.1455549
0.3324081 -0.980933368
0.229261935 -0.796422005
0.127976328 -0.536226869
0.0646780506 -1.0560534
-0.0758023262 -0.829569578
-0.284449875 -0.947652876
0.505475104 -1.25055599
-0.144013762 -1.14869249
0.1823024 -1.30859208
-0.354251981 -0.820243895
0.110014908 -1.1652751
-0.16835402 -1.06981778
-0.544192374 -1.38579011
-0.310326844 -0.868824482
-1.12305236 -1.03601062
-0.774385333 -0.703704298
-0.737499833 -0.777008533
-0.560922444 -0.47487545
-0.783348382 -0.591128051
-0.736676276 -0.667151928
-1.1123507 -0.729297876
-0.902467072 -0.523765564
-0.820412695 -0.726152241
-1.39251316 -0.244859576
-0.983475924 -0.440251321
-1.25075531 -0.753602684
-1.12275779 -0.184747592
-1.50850642 -0.574283421
-1.43600833 -0.768567681
-1.65944409 -0.27589488
-1.47479534 0.0498169847
-1.01977086 -0.0926792771
-1.10011089 0.0336616337
-1.54438412 -0.0601352938
-1.38963985 0.139558241
-0.959463775 0.62050271
-1.74971223 0.775683403
-1.43795586 0.451914221
-1.45979404 0.228820249
-0.970114768 0.448483437
-1.24552989 0.47615099
-1.46584153 0.845052958
-1.22120678 0.879308045
-1.28695917 1.06267774
-1.1809268 1.35942388
-0.944256842 1.42261016
-1.08672285 1.28389788
-1.08752918 0.899507403
-0.687373877 1.09287906
-0.621121943 0.81221211
-0.63260591 1.33179629
-0.498575211 1.14732468
-0.755339682 1.11371374
-0.336033821 1.43198395
-0.717069447 1.3029995
-0.739897013 1.13349497
-0.269985139 1.44692981
-0.557923019 1.11019254
-0.17320323 1.62731922
-0.16789104 1.7088629
-0.0135791246 1.33356869
-0.255204678 1.33808815
-0.269898981 1.31258655
0.715181708 1.9390651
0.71536231 1.8920269
0.715542912 1.84498882
0.715723515 1.79795063
0.715904057 1.75091255
0.716084659 1.70387435
0.716265261 1.65683627
0.716445863 1.60979807
0.716626406 1.56276
0.716807008 1.5157218
0.71698761 1.4686836
0.717168212 1.42164552
0.717348754 1.37460732
0.717529356 1.32756925
0.717709959 1.28053105
0.717890501 1.23349297
0.718071103 1.18645477
0.718251705 1.13941658
0.718432307 1.0923785
0.71861285 1.0453403
0.718793452 0.998302221
0.718974054 0.951264024
0.719154656 0.904225886
0.719335198 0.857187748
0.7195158 0.81014961
0.719696403 0.763111472
0.719877005 0.716073334
0.720057547 0.669035196
0.720238149 0.621996999
0.720418751 0.574958861
0.720599294 0.527920723
0.720779896 0.480882585
0.720960498 0.433844447
0.519317746 -0.0996934175
0.582846403 0.291399181
0.734173715 0.127029672
0.693990707 0.0564220287
0.267026514 -0.303114653
0.548059106 0.308362573
0.186921135 0.00828719791
0.481719643 -0.035130579
0.210875243 0.0762814507
0.151011318 0.159672096
0.406143337 0.00926059019
0.261392355 0.170086294
0.46065408 0.0884858146
0.202376351 0.274552494
0.0283975359 -0.0173892211
0.5528211 0.704567969
0.0204887521 0.261989862
0.0250823479 0.759736061
0.320523232 0.320308179
0.74657166 0.675810456
0.0618844703 0.409866542
0.524434328 0.38172242
0.408597589 0.304126441
-0.18060492 0.635981679
0.425834715 0.354507357
-0.0809912235 0.100427359
0.558799863 0.533327579
0.0103205098 0.292316318
0.240951285 0.588628054
0.381005436 0.534337938
0.415748328 0.622548819
0.314638495 0.262280792
0.663240314 0.62331593
0.631276488 1.05931997
0.829359472 0.231590658
0.672042608 0.74277842
0.781745613 0.225410596
0.392163098 0.721351981
0.452670246 0.28580001
0.793732822 0.856208563
0.789063931 0.747797668
0.605342925 1.05037713
0.710357249 0.555002928
1.06047738 0.491399705
0.738099158 0.556712747
0.853681207 0.673820078
0.75715971 0.756333828
1.09108043 0.684527516
1.06091845 0.649237812
1.03680015 0.280206591
1.38490546 -0.0518306755
1.25463271 0.622223258
1.75154996 0.634287357
1.1095953 0.397618651
1.07131398 0.277794927
1.59154284 0.0785107315
1.3860718 0.470147341
0.946663201 0.176484659
1.04473436 0.179932103
0.839283824 0.187421575
1.0550462 -0.329410464
1.03271568 0.374216139
1.39515758 -0.529665828
1.38917267 -0.74891609
1.02851474 0.110179618
1.5170716 -0.230586633
0.786288857 -0.564309239
1.54849994 -0.286267519
1.35618258 -0.815967917
0.860964715 -0.375865012
1.21866751 -0.382052928
1.02008545 -0.371046305
1.29903936 -0.734738171
1.26827729 -0.339268953
1.54094911 -0.567558646
1.02379942 -0.365716666
0.315166116 -0.82017988
1.33308911 -0.983374655
0.889924407 -0.781362057
1.14960492 -0.910868168
0.951382279 -0.764876544
0.587974787 -0.46774435
0.467565745 -0.919398248
1.07195961 -0.872532189
0.578339517 -0.660354197
0.198018372 -1.01246917
0.379483879 -0.917087376
0.87679106 -0.805426538
0.33646065 -0.612600744
0.508741498 -0.904170275
0.139274001 -0.921571672
-0.509295166 -0.711711764
0.191161036 -1.33685935
-0.597322404 -1.04218161
-0.303246766 -0.382725179
0.238973215 -0.500233173
-0.362892956 -0.896345556
0.167704299 -0.516882002
-0.550676525 -0.649399996
-0.523598373 -0.98841089
-0.508391201 -0.0200710036
-0.0590416864 -0.553572595
-0.564414203 0.0404709838
-0.0135545107 -0.594052732
-0.49536249 -0.201476768
-0.129455015 -0.410431653
-0.67815274 -0.28023541
-0.380129784 -0.120392419
-0.492848843 -0.468731493
-0.717452705 -0.715132296
-0.503754437 -0.263914019
