-0.254155755 -0.157324255
-0.0805237144 -0.0752405971
0.383414268 0.445807725
-0.395547241 -0.335879296
-0.491397262 -0.313141912
-0.291903287 0.152449548
-0.115070984 0.142450705
-0.14050658 -0.526878536
0.411641538 -0.0913028717
-0.410458386 0.261706054
-0.737330854 -0.0768013299
-0.04541374 0.194875389
0.355731368 -0.202251196
-0.643578947 0.257714242
-0.585753083 0.417181343
0.286445439 -0.236870274
-0.203839675 -0.302165687
-0.46979183 -0.268861175
0.162756458 -0.636126041
-0.31605497 0.222184375
0.211209223 0.781306982
0.00256585749 0.617844462
-0.494557828 -0.345036328
-0.202043191 -0.639418781
-0.655827522 0.360024542
0.764749527 -0.545507193
-0.656851351 0.219012126
0.610228598 0.0742980391
-0.535717964 0.695532203
0.122383252 0.586126983
0.458467513 -0.282558292
-0.50879693 0.764773011
0.247654706 -0.123283975
0.707686305 -0.525469542
0.485170931 0.172216639
0.430121869 0.230820492
0.581083059 0.766109228
0.533308029 0.166066647
0.897760749 -0.251163334
0.509762824 -0.852521479
-1.08899391 -0.188755006
0.109101117 0.741967618
-0.0793572813 1.09631693
5.87075192e-06 -0.398834944
0.162446022 -0.352688342
0.80337584 -0.195331305
0.134360746 -1.16536391
-0.282959908 -1.33709943
-0.928672671 0.45857662
-0.40104273 -0.725268066
-0.469662577 0.288676709
-0.701008201 -0.792476773
0.532993913 -0.640194595
0.871228218 0.468955338
-1.24170148 0.526851773
-0.914081395 -0.710415184
-0.796407104 -1.05422163
-0.830493987 -0.32950604
-0.901766241 0.746181667
0.875519693 0.637431145
1.36470366 0.595099449
0.394917458 -0.833785892
-1.5266881 0.0615478382
-1.04516721 0.0499790087
-0.737499833 -0.777008533
-0.732419729 0.0608444363
0.135920301 0.971901596
0.0491611399 0.992656469
0.270859212 1.30224216
1.00849879 -0.26778239
-0.0666522086 -1.09358656
-1.15779734 0.811513603
1.00672722 -0.384117812
1.4172951 -0.351539969
0.924545944 -0.663273394
-0.660595417 -1.47275484
1.55887067 -0.471951813
0.978317022 1.36849129
1.07806373 1.00761187
0.655552745 0.786621034
-0.754093468 0.801698208
-1.0495224 -1.13456655
-1.08130634 -0.883941174
1.11720502 0.239681661
0.688742399 -1.7857244
-1.33633995 -0.697236717
1.19403064 0.870429933
0.368849039 -1.0031004
1.21741223 0.544033051
-1.63404918 -0.43896386
0.241758913 -1.48528826
-1.66144419 -0.158590972
-1.79629922 0.126216516
-1.67362773 0.338246882
1.67628205 -0.139423802
-1.40504706 -0.132951498
-0.687373877 1.09287906
1.01352024 -0.135121182
-0.494402289 -1.38904214
-0.458735108 -1.16382694
0.25340876 1.32162035
-1.25017738 0.774953783
-0.414315075 -1.42840445
1.3246882 -0.278315812
-1.21404219 0.832225561
-1.17953587 0.390513539
-1.02821529 -1.27316165
-1.08963168 -1.32706547
0.952577353 -0.93337357
-0.765714228 -1.12662816
-1.11898625 0.737291455
0.865416229 -1.87683594
-0.816570401 0.203021705
0.296719193 -0.437706977
0.206084296 0.618184984
0.608962774 -0.429315686
-0.450829148 -0.530621946
0.0255181734 0.403150678
0.605581582 -0.169491038
-0.126313269 -0.138033137
0.365468293 0.315786153
-0.0951721892 -0.203050449
-0.00612409553 0.219686359
0.280638486 0.293734938
-0.305101484 0.0645631477
-0.388300538 0.263162702
-0.0510362424 0.337239623
0.0283975359 -0.0173892211
0.88910836 0.107301235
0.199742541 0.170767069
0.519478619 -0.554950416
0.000152053326 0.453136235
-0.0500357598 -1.00577605
-0.333578348 -0.246060491
0.100912534 0.640749574
0.0738722607 0.503971994
-0.577413917 0.321999997
-0.0504360721 -0.551785171
0.013743422 0.128282309
0.772250712 -0.0180116463
0.19940114 -0.213996544
-0.586601198 -0.245844617
0.647245526 0.108422451
-0.734186947 -0.146230027
0.407943547 -0.0370224789
-0.90973264 0.0282307807
-1.19543219 -0.302672416
-0.422686398 -0.75020504
1.00042951 0.0500177629
0.712166965 -0.393388242
-0.232771695 0.787374079
-0.117995083 -0.522177339
-0.0441770479 1.16668475
-1.08672523 0.0291796606
-0.314686745 1.17077088
0.894744754 -0.10985209
-1.09734285 0.402398705
-0.12825954 -0.915570259
1.0801065 -0.127181038
0.75715971 0.756333828
1.25554442 -0.287476361
-0.291102201 -1.20926309
0.534992456 0.9312644
1.01592588 0.942626238
-1.32713759 0.447180986
0.790023983 1.68704176
0.503443539 1.06576121
0.953964055 -0.561102688
-1.06987524 -1.18090618
-0.647656441 -1.31254518
-0.54459846 -0.79418546
0.865969956 -0.611507535
0.460936219 0.725990355
-0.513101995 0.978958726
-0.994851053 0.465629518
1.36105573 0.611995101
0.452729732 -1.51185703
-0.805178463 0.649360955
0.909682214 -1.23578095
-0.156963304 0.95501709
-0.892533123 1.29737651
-1.53594232 -0.381989419
-0.34301728 0.874570668
1.13188028 0.591575861
-0.458939999 0.983678699
1.43809783 0.399021178
-1.13670683 -0.656908095
-0.688290954 1.49094009
0.982536197 0.465334743
0.802810848 -0.357098669
0.247285455 -1.63798726
0.889924407 -0.781362057
-1.45697451 -0.168812409
1.21357822 0.131879464
0.0850157365 -0.746506155
-0.980731666 0.31949383
-1.37496328 -0.141016468
-0.0579931289 -0.875888705
-0.575903654 -0.855943918
0.380143076 0.916814327
1.18950748 0.0504623577
-0.671087742 0.19526051
0.279610366 0.999079525
-0.553167999 -0.75013119
-0.86338228 -0.143130109
0.810131013 1.08047354
-1.15930438 -0.314562976
-0.0561997183 0.485055417
0.522697866 -0.184738696
0.890416086 0.377207965
0.246905938 0.484075636
0.0698080212 -0.848582268
0.328672111 -1.069152
0.345294535 0.373679221
0.43318373 0.349686176
-0.427718401 -0.370483786
0.410474241 -0.429643214
-0.492739767 0.207808584
0.19868049 -0.381757528
0.281370044 0.677682757
0.353922635 -0.183662042
-0.679939985 0.0170535464
-0.00164078397 -1.01299059
-0.503754437 -0.263914019
