0 0 0 0 -473 74
0 0 1 0 32771 7
0 0 2 0 -23126 -23164
0 0 3 0 -23178 -23178
0 0 4 0 23135 23185
0 0 5 0 23170 23174
0 0 6 0 23169 23151
0 0 7 0 -23189 23157
0 0 8 0 23119 23184
0 0 9 0 -23139 -23199
0 0 10 0 23093 23170
0 0 11 0 23193 23178
0 0 12 0 23171 23213
0 0 13 0 -23156 -23192
0 0 14 0 23201 23219
0 0 15 0 23166 23161
0 0 16 0 -23119 -23184
0 0 17 0 -23184 23153
0 0 18 0 -23215 23193
0 0 19 0 -23159 -23171
0 0 20 0 -23204 23166
0 0 21 0 23156 23181
0 0 22 0 23177 23188
0 0 23 0 -23125 23103
0 0 24 0 -23146 -23175
0 0 25 0 -23149 23168
0 0 26 0 23177 -23188
0 0 27 0 -23156 23158
0 0 28 0 23164 -23170
0 0 29 0 -23155 23127
0 0 30 0 23191 23165
0 0 31 0 23196 -23187
0 0 32 0 -23139 23142
0 0 33 0 32760 11
0 0 34 0 23176 -23166
0 0 35 0 23156 23162
0 0 36 0 23151 23156
0 0 37 0 23115 23156
0 0 38 0 23156 23171
0 0 39 0 23144 23171
0 0 40 0 23173 -23143
0 0 41 0 -23140 -23169
0 0 42 0 -23209 23147
0 0 43 0 -23173 23149
0 0 44 0 23212 -23155
0 0 45 0 23148 23193
0 0 46 0 23190 23160
0 0 47 0 23206 -23146
0 0 48 0 23164 -23171
0 0 49 0 -23174 -23143
0 0 50 0 23199 -23139
0 0 51 0 -23149 -23183
0 0 52 0 23186 -23165
0 0 53 0 23146 23171
0 0 54 0 -23182 23165
0 0 55 0 -23173 -23213
0 0 56 0 23159 -23153
0 0 57 0 23165 -23146
0 0 58 0 23146 -23128
0 0 59 0 -23135 -23220
0 0 60 0 -23160 23143
0 0 61 0 -23177 23178
0 0 62 0 23158 23180
0 0 63 0 23204 -23174
0 0 64 0 23181 -23180
0 0 65 0 32794 -5
0 0 66 0 23199 -23166
0 0 67 0 -23171 -23187
0 0 68 0 -23174 -23167
0 0 69 0 -23156 -23140
0 0 70 0 -23160 23152
0 0 71 0 23156 23163
0 0 72 0 23177 -23205
0 0 73 0 -23206 23166
0 0 74 0 -23176 23160
0 0 75 0 -23203 23179
0 0 76 0 23192 23195
0 0 77 0 -23180 23165
0 0 78 0 -23158 -23170
0 0 79 0 -23150 -23177
0 0 80 0 -23209 -23168
0 0 81 0 23154 -23150
0 0 82 0 23160 23178
0 0 83 0 23160 23180
0 0 84 0 -23145 -23209
0 0 85 0 -23156 23187
0 0 86 0 23178 23150
0 0 87 0 -23178 -23182
0 0 88 0 -23174 23157
0 0 89 0 -23182 -23167
0 0 90 0 23157 23197
0 0 91 0 -23150 23143
0 0 92 0 23157 23126
0 0 93 0 23173 23201
0 0 94 0 23141 23192
0 0 95 0 -23151 -23161
0 0 96 0 23179 23201
0 0 97 0 32782 -11
0 0 98 0 -23158 -23145
0 0 99 0 -23167 23197
0 0 100 0 -23183 23135
0 0 101 0 23158 -23172
0 0 102 0 23173 23193
0 0 103 0 -23156 23167
0 0 104 0 -23155 -23188
0 0 105 0 23188 23156
0 0 106 0 23151 23137
0 0 107 0 -23164 23163
0 0 108 0 -23192 23147
0 0 109 0 -23181 -23190
0 0 110 0 -23184 23157
0 0 111 0 23177 23175
0 0 112 0 -23156 -23181
0 0 113 0 -7 -30
0 0 114 0 -10 15
0 0 115 0 4 -12
0 0 116 0 -9 21
0 0 117 0 4 2
0 0 118 0 -7 -14
0 0 119 0 -18 -13
0 0 120 0 -12 -2
0 0 121 0 -29 4
0 0 122 0 21 3
0 0 123 0 -16 0
0 0 124 0 -26 10
0 0 125 0 -13 -2
0 0 126 0 -17 17
0 0 127 0 15 23
0 0 128 0 -8 -14
0 0 129 0 -45 -16
0 0 130 0 -27 -7
0 0 131 0 24 38
0 0 132 0 3 -25
0 0 133 0 1 -8
0 0 134 0 7 -13
0 0 135 0 7 34
0 0 136 0 21 -9
0 0 137 0 -1 -7
0 0 138 0 -28 2
0 0 139 0 12 33
0 0 140 0 -48 10
0 0 141 0 -15 12
0 0 142 0 -17 -2
0 0 143 0 24 0
0 0 144 0 -23212 23142
0 0 145 0 23233 -23183
0 0 146 0 23167 23180
0 0 147 0 23178 -23165
0 0 148 0 -23175 -23145
0 0 149 0 -23169 23183
0 0 150 0 23197 -23151
0 0 151 0 -23174 -23194
0 0 152 0 23147 23212
0 0 153 0 -23191 -23191
0 0 154 0 23157 23193
0 0 155 0 23203 23165
0 0 156 0 -23152 23139
0 0 157 0 -23136 23186
0 0 158 0 23113 23200
0 0 159 0 32760 -2
0 0 160 0 23169 -23150
0 0 161 0 23177 -23153
0 0 162 0 -23178 -23189
0 0 163 0 23170 23211
0 0 164 0 -23162 -23158
0 0 165 0 -23151 23144
0 0 166 0 23153 23188
0 0 167 0 23170 23187
0 0 168 0 23152 23166
0 0 169 0 -23169 -23165
0 0 170 0 23181 -23194
0 0 171 0 23155 -23190
0 0 172 0 -23140 -23214
0 0 173 0 -23154 23147
0 0 174 0 23174 -23151
0 0 175 0 -23189 23146
0 0 176 0 23172 -23183
0 0 177 0 -23173 23150
0 0 178 0 -23175 23146
0 0 179 0 -23128 -23154
0 0 180 0 23203 -23214
0 0 181 0 23150 -23179
0 0 182 0 23152 23162
0 0 183 0 -23166 -23167
0 0 184 0 23161 23142
0 0 185 0 -23148 23161
0 0 186 0 23162 23140
0 0 187 0 23176 -23120
0 0 188 0 -23180 23166
0 0 189 0 -23169 -23145
0 0 190 0 23197 -23169
0 0 191 0 32781 6
0 0 192 0 23197 -23148
0 0 193 0 -23161 -23170
0 0 194 0 23193 23191
0 0 195 0 23149 23175
0 0 196 0 -23155 23156
0 0 197 0 23196 23203
0 0 198 0 23162 23160
0 0 199 0 23143 -23166
0 0 200 0 -23154 -23202
0 0 201 0 -23143 -23168
0 0 202 0 -23161 -23183
0 0 203 0 23147 -23162
0 0 204 0 23155 23154
0 0 205 0 -23190 23155
0 0 206 0 -23184 23189
0 0 207 0 23166 23163
0 0 208 0 23201 -23141
0 0 209 0 -23182 23149
0 0 210 0 23177 -23163
0 0 211 0 -23184 23165
0 0 212 0 -23142 23165
0 0 213 0 -23168 -23189
0 0 214 0 -23161 23158
0 0 215 0 23143 23181
0 0 216 0 -23144 23144
0 0 217 0 23162 23194
0 0 218 0 -23165 -23179
0 0 219 0 -23177 23159
0 0 220 0 23144 23176
0 0 221 0 23157 23145
0 0 222 0 23145 -23126
0 0 223 0 32773 23
0 0 224 0 -23169 -23165
0 0 225 0 23160 23166
0 0 226 0 23168 -23146
0 0 227 0 -23176 -23178
0 0 228 0 -23180 -23181
0 0 229 0 23184 -23182
0 0 230 0 23155 -23196
0 0 231 0 -23174 23181
0 0 232 0 23192 23143
0 0 233 0 -23170 -23189
0 0 234 0 -23216 23183
0 0 235 0 23167 -23135
0 0 236 0 23167 -23165
0 0 237 0 -23178 23167
0 0 238 0 23178 -23155
0 0 239 0 -23153 -23178
0 0 240 0 23175 23167
0 0 241 0 -23205 23155
0 0 242 0 -23172 23168
0 0 243 0 23165 23217
0 0 244 0 23164 23151
0 0 245 0 -23179 -23166
0 0 246 0 -23203 23153
0 0 247 0 23168 23195
0 0 248 0 23185 23187
0 0 249 0 23188 -23140
0 0 250 0 23177 23185
0 0 251 0 -23149 -23159
0 0 252 0 -23143 23131
0 0 253 0 23189 -23143
0 0 254 0 23156 23184
0 0 255 0 32762 -1
0 1 0 1 -439 100
0 1 1 1 32772 27
0 1 2 1 -32763 5
0 1 3 1 -32787 -5
0 1 4 1 32764 51
0 1 5 1 32801 -14
0 1 6 1 32772 -10
0 1 7 1 -32759 11
0 1 8 1 -32759 -21
0 1 9 1 -32744 -2
0 1 10 1 -32774 -43
0 1 11 1 -32793 -20
0 1 12 1 32737 21
0 1 13 1 -32764 -7
0 1 14 1 -32776 2
0 1 15 1 32774 17
0 1 16 1 -32804 9
0 1 17 1 -32769 10
0 1 18 1 32740 -2
0 1 19 1 -32744 -2
0 1 20 1 32750 -9
0 1 21 1 32775 -23
0 1 22 1 32747 -13
0 1 23 1 32762 45
0 1 24 1 -32788 -24
0 1 25 1 32761 -18
0 1 26 1 -32742 -17
0 1 27 1 -32758 -14
0 1 28 1 32747 9
0 1 29 1 -32763 31
0 1 30 1 -32772 34
0 1 31 1 -32771 -37
0 1 32 1 -32778 21
0 1 33 1 32758 6
0 1 34 1 -32761 21
0 1 35 1 -32735 -6
0 1 36 1 32772 19
0 1 37 1 32760 12
0 1 38 1 32748 2
0 1 39 1 -32759 -6
0 1 40 1 32751 -23
0 1 41 1 -32757 0
0 1 42 1 32752 35
0 1 43 1 -32779 -24
0 1 44 1 -32743 -4
0 1 45 1 -32736 -20
0 1 46 1 -32783 0
0 1 47 1 32771 -5
0 1 48 1 32774 -20
0 1 49 1 32788 34
0 1 50 1 32770 -18
0 1 51 1 32759 19
0 1 52 1 32759 24
0 1 53 1 -32743 14
0 1 54 1 32757 4
0 1 55 1 32764 5
0 1 56 1 -32759 7
0 1 57 1 32742 -11
0 1 58 1 -32783 -4
0 1 59 1 -32722 2
0 1 60 1 32760 2
0 1 61 1 32814 -2
0 1 62 1 32763 15
0 1 63 1 32732 14
0 1 64 1 -32777 -14
0 1 65 1 32784 18
0 1 66 1 -32809 -40
0 1 67 1 -32758 -8
0 1 68 1 32780 26
0 1 69 1 -32765 -16
0 1 70 1 -32783 -13
0 1 71 1 -32774 9
0 1 72 1 -32745 12
0 1 73 1 32738 -2
0 1 74 1 32756 -14
0 1 75 1 32773 18
0 1 76 1 32770 0
0 1 77 1 32785 45
0 1 78 1 -32784 -44
0 1 79 1 32751 -17
0 1 80 1 32765 -13
0 1 81 1 -32778 -7
0 1 82 1 32771 14
0 1 83 1 32775 -25
0 1 84 1 -32780 -7
0 1 85 1 32748 17
0 1 86 1 -32776 21
0 1 87 1 -32761 -7
0 1 88 1 -32749 20
0 1 89 1 -32797 4
0 1 90 1 -32756 -4
0 1 91 1 32758 -42
0 1 92 1 32774 59
0 1 93 1 -32749 19
0 1 94 1 -32777 5
0 1 95 1 -32775 -27
0 1 96 1 32737 7
0 1 97 1 32807 30
0 1 98 1 32759 32
0 1 99 1 -32755 5
0 1 100 1 32760 51
0 1 101 1 32767 -19
0 1 102 1 32739 11
0 1 103 1 32797 17
0 1 104 1 -32774 9
0 1 105 1 32768 8
0 1 106 1 -32767 -13
0 1 107 1 -32767 -22
0 1 108 1 -32743 7
0 1 109 1 -32768 17
0 1 110 1 -32797 -1
0 1 111 1 -32782 -27
0 1 112 1 -32749 -9
0 1 113 1 10 -45
0 1 114 1 -3 21
0 1 115 1 0 -2
0 1 116 1 0 -6
0 1 117 1 -3 -76
0 1 118 1 16 -6
0 1 119 1 1 -38
0 1 120 1 15 -29
0 1 121 1 -3 -15
0 1 122 1 -17 28
0 1 123 1 -34 28
0 1 124 1 11 28
0 1 125 1 30 -3
0 1 126 1 -2 13
0 1 127 1 -25 15
0 1 128 1 18 50
0 1 129 1 -15 13
0 1 130 1 1 -28
0 1 131 1 7 -40
0 1 132 1 -31 -20
0 1 133 1 -7 16
0 1 134 1 4 3
0 1 135 1 11 -13
0 1 136 1 -11 0
0 1 137 1 -6 17
0 1 138 1 -11 -26
0 1 139 1 11 -27
0 1 140 1 -7 20
0 1 141 1 14 1
0 1 142 1 -2 24
0 1 143 1 12 -8
0 1 144 1 32784 2
0 1 145 1 32730 7
0 1 146 1 -32773 2
0 1 147 1 32766 19
0 1 148 1 32751 -11
0 1 149 1 -32770 -23
0 1 150 1 32765 17
0 1 151 1 -32797 -10
0 1 152 1 32749 -33
0 1 153 1 -32788 -16
0 1 154 1 32780 26
0 1 155 1 -32777 -11
0 1 156 1 -32772 -32
0 1 157 1 -32762 -7
0 1 158 1 32760 6
0 1 159 1 32744 -17
0 1 160 1 -32741 -15
0 1 161 1 -32769 -15
0 1 162 1 32755 -14
0 1 163 1 -32773 -26
0 1 164 1 -32769 -7
0 1 165 1 32776 25
0 1 166 1 32746 -28
0 1 167 1 -32793 -44
0 1 168 1 -32764 -19
0 1 169 1 -32779 -21
0 1 170 1 -32769 -5
0 1 171 1 -32748 -8
0 1 172 1 32798 15
0 1 173 1 32763 24
0 1 174 1 32758 41
0 1 175 1 -32803 -11
0 1 176 1 -32793 -34
0 1 177 1 -32774 -25
0 1 178 1 -32792 24
0 1 179 1 -32768 -24
0 1 180 1 32719 -22
0 1 181 1 32755 4
0 1 182 1 -32754 -42
0 1 183 1 -32785 -15
0 1 184 1 -32735 -8
0 1 185 1 -32796 -9
0 1 186 1 -32773 12
0 1 187 1 -32766 -28
0 1 188 1 32764 4
0 1 189 1 -32781 9
0 1 190 1 32795 21
0 1 191 1 32747 -4
0 1 192 1 -32759 -7
0 1 193 1 32783 -5
0 1 194 1 32742 5
0 1 195 1 -32781 -3
0 1 196 1 -32740 9
0 1 197 1 -32742 24
0 1 198 1 32765 21
0 1 199 1 32804 20
0 1 200 1 -32751 -33
0 1 201 1 32785 14
0 1 202 1 -32768 6
0 1 203 1 32749 32
0 1 204 1 -32784 -39
0 1 205 1 -32764 10
0 1 206 1 -32751 5
0 1 207 1 -32760 21
0 1 208 1 32771 25
0 1 209 1 32797 2
0 1 210 1 32762 20
0 1 211 1 -32799 -33
0 1 212 1 -32752 -28
0 1 213 1 -32743 1
0 1 214 1 32774 3
0 1 215 1 32739 -10
0 1 216 1 32768 53
0 1 217 1 32752 -20
0 1 218 1 -32785 -3
0 1 219 1 32766 12
0 1 220 1 32759 23
0 1 221 1 32783 35
0 1 222 1 -32787 -35
0 1 223 1 32784 48
0 1 224 1 -32741 2
0 1 225 1 -32772 -6
0 1 226 1 -32774 0
0 1 227 1 32720 -17
0 1 228 1 32786 12
0 1 229 1 32741 -6
0 1 230 1 -32779 26
0 1 231 1 -32791 -27
0 1 232 1 -32783 -9
0 1 233 1 32758 -36
0 1 234 1 -32785 -1
0 1 235 1 -32785 -20
0 1 236 1 32765 0
0 1 237 1 32749 21
0 1 238 1 -32822 1
0 1 239 1 -32752 -17
0 1 240 1 32764 39
0 1 241 1 -32789 -8
0 1 242 1 32773 -9
0 1 243 1 -32750 -42
0 1 244 1 32772 11
0 1 245 1 -32759 -7
0 1 246 1 32767 30
0 1 247 1 -32771 -1
0 1 248 1 -32788 22
0 1 249 1 32792 15
0 1 250 1 32752 -9
0 1 251 1 32750 5
0 1 252 1 -32735 -19
0 1 253 1 -32766 17
0 1 254 1 32780 6
0 1 255 1 32746 -12
0 2 0 2 -450 74
0 2 1 2 32738 -8
0 2 2 2 15167 -5021
0 2 3 2 35393 -5046
0 2 4 2 35363 35398
0 2 5 2 -15195 25253
0 2 6 2 -5044 -35389
0 2 7 2 -25270 5056
0 2 8 2 -35391 -5061
0 2 9 2 35359 15179
0 2 10 2 -5063 -35401
0 2 11 2 -15167 -35365
0 2 12 2 -25289 25288
0 2 13 2 35401 -25267
0 2 14 2 35370 35419
0 2 15 2 -15151 -5064
0 2 16 2 5038 -5078
0 2 17 2 35393 -25313
0 2 18 2 -35406 15177
0 2 19 2 25254 -5060
0 2 20 2 -15177 5081
0 2 21 2 -25269 15136
0 2 22 2 5074 25283
0 2 23 2 35421 5079
0 2 24 2 15177 -35383
0 2 25 2 25309 -15133
0 2 26 2 5086 -25279
0 2 27 2 35368 15174
0 2 28 2 -15194 -25299
0 2 29 2 -5060 -25291
0 2 30 2 -5075 5075
0 2 31 2 5081 -35419
0 2 32 2 -5081 35384
0 2 33 2 32790 -8
0 2 34 2 35380 15161
0 2 35 2 -25268 -15156
0 2 36 2 35394 -25270
0 2 37 2 35398 -25271
0 2 38 2 -15195 25265
0 2 39 2 -15169 35390
0 2 40 2 5048 35384
0 2 41 2 -25260 -5088
0 2 42 2 5061 35427
0 2 43 2 -15172 15160
0 2 44 2 -5059 -5083
0 2 45 2 5049 15165
0 2 46 2 25260 35386
0 2 47 2 -35410 35371
0 2 48 2 5052 -25288
0 2 49 2 25266 5069
0 2 50 2 35403 15193
0 2 51 2 -5022 -35383
0 2 52 2 35364 -5063
0 2 53 2 35400 -5022
0 2 54 2 15153 5047
0 2 55 2 35392 5057
0 2 56 2 -25271 15160
0 2 57 2 5043 -5068
0 2 58 2 5070 -15186
0 2 59 2 5033 15181
0 2 60 2 -15156 5059
0 2 61 2 -15157 -25270
0 2 62 2 15198 -25290
0 2 63 2 5043 -35382
0 2 64 2 -15164 5012
0 2 65 2 32808 9
0 2 66 2 -25281 -5071
0 2 67 2 5076 -25269
0 2 68 2 -5051 5079
0 2 69 2 35388 -15162
0 2 70 2 35400 25258
0 2 71 2 5060 -35389
0 2 72 2 25262 -25263
0 2 73 2 -5049 -35373
0 2 74 2 -5091 35397
0 2 75 2 -25296 5053
0 2 76 2 -15148 -35388
0 2 77 2 25275 -35415
0 2 78 2 -35382 25267
0 2 79 2 25294 -25266
0 2 80 2 -5049 -25311
0 2 81 2 -15165 -35372
0 2 82 2 35396 -25257
0 2 83 2 -35398 -25287
0 2 84 2 15178 5050
0 2 85 2 15163 35427
0 2 86 2 15187 -5044
0 2 87 2 -25259 -35411
0 2 88 2 35404 15178
0 2 89 2 15150 15140
0 2 90 2 25276 -15177
0 2 91 2 25279 15219
0 2 92 2 25262 25289
0 2 93 2 25279 -35383
0 2 94 2 15152 5059
0 2 95 2 -25285 -5055
0 2 96 2 -15164 -35401
0 2 97 2 32746 -21
0 2 98 2 -25277 -35388
0 2 99 2 -15207 35416
0 2 100 2 25272 -15185
0 2 101 2 -35351 -5069
0 2 102 2 -25291 35386
0 2 103 2 -15151 35392
0 2 104 2 -25252 -35436
0 2 105 2 -35405 5076
0 2 106 2 -5027 -15191
0 2 107 2 -25261 5046
0 2 108 2 15124 15190
0 2 109 2 35365 15170
0 2 110 2 35411 -25307
0 2 111 2 35408 -5055
0 2 112 2 -25318 25272
0 2 113 2 13 9
0 2 114 2 -18 51
0 2 115 2 -31 -3
0 2 116 2 -11 34
0 2 117 2 -17 7
0 2 118 2 -9 35
0 2 119 2 4 5
0 2 120 2 -5 5
0 2 121 2 26 -14
0 2 122 2 2 29
0 2 123 2 0 -4
0 2 124 2 -12 21
0 2 125 2 -14 50
0 2 126 2 8 22
0 2 127 2 23 22
0 2 128 2 15 -12
0 2 129 2 20 5
0 2 130 2 12 10
0 2 131 2 -1 -17
0 2 132 2 19 -21
0 2 133 2 -3 -33
0 2 134 2 9 -18
0 2 135 2 -2 -6
0 2 136 2 -20 6
0 2 137 2 8 17
0 2 138 2 -21 25
0 2 139 2 11 -12
0 2 140 2 13 17
0 2 141 2 -19 7
0 2 142 2 37 -11
0 2 143 2 -6 -10
0 2 144 2 5053 35367
0 2 145 2 5075 25280
0 2 146 2 -5062 -5079
0 2 147 2 5027 -5058
0 2 148 2 -5055 -25291
0 2 149 2 15153 35406
0 2 150 2 5066 -15156
0 2 151 2 15144 -15174
0 2 152 2 35376 15156
0 2 153 2 -35366 -25321
0 2 154 2 -35350 -25283
0 2 155 2 -15134 -25289
0 2 156 2 -35394 35400
0 2 157 2 -35383 15164
0 2 158 2 -35375 -25267
0 2 159 2 32794 22
0 2 160 2 35415 5057
0 2 161 2 25259 15186
0 2 162 2 35405 5098
0 2 163 2 15170 5055
0 2 164 2 5084 -5043
0 2 165 2 25282 -35360
0 2 166 2 -25283 5074
0 2 167 2 15163 35389
0 2 168 2 -25275 25246
0 2 169 2 -15187 15132
0 2 170 2 15165 -25262
0 2 171 2 -35378 -5071
0 2 172 2 -25275 25257
0 2 173 2 35383 15152
0 2 174 2 -35375 35413
0 2 175 2 -35372 5019
0 2 176 2 5053 35404
0 2 177 2 5037 5022
0 2 178 2 15162 -35358
0 2 179 2 5071 5018
0 2 180 2 25283 -35393
0 2 181 2 25254 25290
0 2 182 2 15184 -35391
0 2 183 2 -15187 15182
0 2 184 2 5059 25305
0 2 185 2 -35401 -25308
0 2 186 2 5032 15154
0 2 187 2 -25292 35382
0 2 188 2 35425 15179
0 2 189 2 -5081 -25283
0 2 190 2 25254 25280
0 2 191 2 32739 0
0 2 192 2 -5001 -35370
0 2 193 2 -35370 -15168
0 2 194 2 5040 35373
0 2 195 2 5063 15162
0 2 196 2 5035 35396
0 2 197 2 25288 5058
0 2 198 2 35399 25280
0 2 199 2 -25274 35388
0 2 200 2 -15183 15144
0 2 201 2 -15156 -35408
0 2 202 2 -15169 -25305
0 2 203 2 15184 15150
0 2 204 2 -15193 5029
0 2 205 2 25291 -5034
0 2 206 2 -15157 35386
0 2 207 2 -15162 5054
0 2 208 2 15181 5062
0 2 209 2 -35379 -5069
0 2 210 2 -15187 25268
0 2 211 2 -35378 25281
0 2 212 2 -15142 35394
0 2 213 2 35385 -35368
0 2 214 2 -15161 -25315
0 2 215 2 -25304 35410
0 2 216 2 15181 -15191
0 2 217 2 5086 -35422
0 2 218 2 15210 -35402
0 2 219 2 -35389 35383
0 2 220 2 5054 5045
0 2 221 2 15179 -35372
0 2 222 2 -25280 35378
0 2 223 2 32801 23
0 2 224 2 15118 25311
0 2 225 2 35404 15153
0 2 226 2 15181 25281
0 2 227 2 -35404 -35387
0 2 228 2 -35413 5025
0 2 229 2 25316 25280
0 2 230 2 35359 15155
0 2 231 2 25261 25281
0 2 232 2 35453 -25219
0 2 233 2 -25310 5032
0 2 234 2 25275 25295
0 2 235 2 -5097 15150
0 2 236 2 35394 -25249
0 2 237 2 -15151 -35391
0 2 238 2 35403 -25251
0 2 239 2 -25316 35394
0 2 240 2 -35388 5043
0 2 241 2 15202 5040
0 2 242 2 25242 15142
0 2 243 2 5073 -25296
0 2 244 2 5069 -35382
0 2 245 2 25280 25296
0 2 246 2 25296 35367
0 2 247 2 -35386 -25317
0 2 248 2 15189 -35367
0 2 249 2 -5013 -25271
0 2 250 2 25286 -5045
0 2 251 2 15151 35394
0 2 252 2 -35384 35360
0 2 253 2 25275 35394
0 2 254 2 15145 -5081
0 2 255 2 32756 -10
0 3 0 2 -474 60
0 3 1 2 32784 -6
0 3 2 2 35353 -5082
0 3 3 2 -15217 25256
0 3 4 2 -15212 -35372
0 3 5 2 -25312 -15185
0 3 6 2 15180 -15188
0 3 7 2 -15158 -5035
0 3 8 2 5018 5033
0 3 9 2 -15194 25227
0 3 10 2 -5062 -25283
0 3 11 2 -25269 35393
0 3 12 2 -35436 5068
0 3 13 2 -25267 -25268
0 3 14 2 -35400 -25271
0 3 15 2 -15184 5036
0 3 16 2 -15159 35392
0 3 17 2 15170 25276
0 3 18 2 -25291 25263
0 3 19 2 5066 -15154
0 3 20 2 25263 25280
0 3 21 2 35388 25305
0 3 22 2 -35389 5081
0 3 23 2 5061 -5030
0 3 24 2 -15180 -35391
0 3 25 2 -35393 -5030
0 3 26 2 15184 15158
0 3 27 2 -35386 -15156
0 3 28 2 -35395 15157
0 3 29 2 35378 5084
0 3 30 2 -15182 25267
0 3 31 2 15156 -35365
0 3 32 2 25287 -35374
0 3 33 2 32782 2
0 3 34 2 -5063 25300
0 3 35 2 15155 15188
0 3 36 2 -35399 -15211
0 3 37 2 5043 -15162
0 3 38 2 -5041 5053
0 3 39 2 5070 -25295
0 3 40 2 25267 35381
0 3 41 2 5051 5030
0 3 42 2 35373 -25246
0 3 43 2 -5027 -15141
0 3 44 2 -35398 -15189
0 3 45 2 15184 25258
0 3 46 2 -25270 -25278
0 3 47 2 5035 25268
0 3 48 2 25308 25267
0 3 49 2 -5060 15177
0 3 50 2 35420 -5054
0 3 51 2 5070 -5062
0 3 52 2 25288 -35368
0 3 53 2 -25280 25272
0 3 54 2 35371 -5039
0 3 55 2 5026 15173
0 3 56 2 -15173 -35418
0 3 57 2 -35398 -15181
0 3 58 2 -35404 15193
0 3 59 2 25258 -15135
0 3 60 2 -5018 -5080
0 3 61 2 35408 -15136
0 3 62 2 5068 -25267
0 3 63 2 -15127 -5058
0 3 64 2 -5064 15152
0 3 65 2 32738 49
0 3 66 2 -25269 -35378
0 3 67 2 15139 35406
0 3 68 2 -25272 -15159
0 3 69 2 15141 15186
0 3 70 2 -15201 35405
0 3 71 2 15153 -15152
0 3 72 2 -5081 15185
0 3 73 2 -25273 5023
0 3 74 2 25258 -35394
0 3 75 2 -15154 25262
0 3 76 2 -25277 25277
0 3 77 2 -15181 -25289
0 3 78 2 -15168 -25300
0 3 79 2 -15165 5055
0 3 80 2 -25256 -35399
0 3 81 2 25287 25281
0 3 82 2 -15192 15154
0 3 83 2 -5079 -35389
0 3 84 2 25272 -35401
0 3 85 2 -35401 -5070
0 3 86 2 -35420 25254
0 3 87 2 -15141 -35393
0 3 88 2 25288 -35384
0 3 89 2 -25273 -35348
0 3 90 2 35402 25278
0 3 91 2 -15155 -25275
0 3 92 2 5038 35373
0 3 93 2 -35411 5041
0 3 94 2 5074 15208
0 3 95 2 -15155 35366
0 3 96 2 5058 -25285
0 3 97 2 32774 -2
0 3 98 2 -25273 25284
0 3 99 2 25273 25273
0 3 100 2 35400 35382
0 3 101 2 5042 -15173
0 3 102 2 25279 35416
0 3 103 2 25268 -5041
0 3 104 2 -25293 5045
0 3 105 2 35414 -35416
0 3 106 2 25262 35398
0 3 107 2 -25246 -5044
0 3 108 2 -15183 -25284
0 3 109 2 15154 25311
0 3 110 2 -25306 35383
0 3 111 2 5038 -25299
0 3 112 2 -5027 -35411
0 3 113 2 25 -4
0 3 114 2 -21 -9
0 3 115 2 23 11
0 3 116 2 -11 -4
0 3 117 2 -29 -18
0 3 118 2 0 -32
0 3 119 2 1 -14
0 3 120 2 12 8
0 3 121 2 7 2
0 3 122 2 -38 24
0 3 123 2 -18 25
0 3 124 2 8 -23
0 3 125 2 -21 6
0 3 126 2 2 -23
0 3 127 2 26 10
0 3 128 2 -29 -8
0 3 129 2 10 37
0 3 130 2 10 -23
0 3 131 2 -24 7
0 3 132 2 7 6
0 3 133 2 -9 -11
0 3 134 2 10 -29
0 3 135 2 -31 -9
0 3 136 2 -19 -4
0 3 137 2 19 -7
0 3 138 2 -7 -5
0 3 139 2 -42 -58
0 3 140 2 4 0
0 3 141 2 -29 -17
0 3 142 2 23 -21
0 3 143 2 17 -16
0 3 144 2 15185 -25274
0 3 145 2 35401 -25260
0 3 146 2 15192 5108
0 3 147 2 -5064 5068
0 3 148 2 5096 15207
0 3 149 2 5063 5114
0 3 150 2 -35402 5042
0 3 151 2 25254 -15163
0 3 152 2 5099 -35402
0 3 153 2 35432 5045
0 3 154 2 -35390 -35360
0 3 155 2 25247 35383
0 3 156 2 35405 -35389
0 3 157 2 35410 -15128
0 3 158 2 25268 5079
0 3 159 2 32749 23
0 3 160 2 -15175 35434
0 3 161 2 -35405 15143
0 3 162 2 -15114 -15155
0 3 163 2 25275 -25249
0 3 164 2 15184 -5078
0 3 165 2 -15166 -5071
0 3 166 2 -5095 35405
0 3 167 2 -15164 -15166
0 3 168 2 -35383 35399
0 3 169 2 25273 35396
0 3 170 2 5040 15164
0 3 171 2 -5048 15193
0 3 172 2 25319 -25296
0 3 173 2 -15175 25273
0 3 174 2 35397 -5060
0 3 175 2 -5036 -15197
0 3 176 2 -35406 35379
0 3 177 2 35375 5079
0 3 178 2 -15147 -5038
0 3 179 2 25301 5087
0 3 180 2 -35399 -35388
0 3 181 2 35391 25292
0 3 182 2 35355 15242
0 3 183 2 -15184 25270
0 3 184 2 35403 -35396
0 3 185 2 -35393 -25304
0 3 186 2 35375 25298
0 3 187 2 5062 -5050
0 3 188 2 -35404 -5058
0 3 189 2 -25289 5061
0 3 190 2 -35412 -15183
0 3 191 2 32783 -17
0 3 192 2 25280 -35348
0 3 193 2 -5030 25279
0 3 194 2 -35378 25284
0 3 195 2 -15187 -35361
0 3 196 2 25269 -15144
0 3 197 2 -15149 -35420
0 3 198 2 15166 -5039
0 3 199 2 -25303 15149
0 3 200 2 -25270 -15193
0 3 201 2 15184 -35386
0 3 202 2 -35395 35399
0 3 203 2 -25269 35375
0 3 204 2 -15169 -25303
0 3 205 2 -25289 15170
0 3 206 2 -5069 -25286
0 3 207 2 -35406 -15190
0 3 208 2 35402 -5042
0 3 209 2 5042 25281
0 3 210 2 -25275 -25243
0 3 211 2 -25309 -15189
0 3 212 2 15117 25275
0 3 213 2 15159 -5030
0 3 214 2 25288 -5078
0 3 215 2 -15145 -15152
0 3 216 2 15182 15188
0 3 217 2 15182 -15167
0 3 218 2 5048 35375
0 3 219 2 -25239 -25315
0 3 220 2 -5040 -35397
0 3 221 2 -35407 35389
0 3 222 2 35411 -5059
0 3 223 2 32749 0
0 3 224 2 -15130 15129
0 3 225 2 -35441 15158
0 3 226 2 -5071 -5079
0 3 227 2 35398 -35396
0 3 228 2 -15180 -35413
0 3 229 2 15174 -5063
0 3 230 2 15174 -35380
0 3 231 2 -15158 35434
0 3 232 2 -15189 35367
0 3 233 2 -15125 -35398
0 3 234 2 -5020 -35388
0 3 235 2 -25276 15106
0 3 236 2 15173 -25303
0 3 237 2 25306 -35401
0 3 238 2 15203 -25286
0 3 239 2 25248 -15157
0 3 240 2 -15167 5039
0 3 241 2 35380 -35383
0 3 242 2 5063 -25274
0 3 243 2 25255 -5040
0 3 244 2 35441 -5030
0 3 245 2 15171 -25290
0 3 246 2 5067 -15138
0 3 247 2 -25312 5060
0 3 248 2 35416 -5062
0 3 249 2 5029 -15208
0 3 250 2 35398 15196
0 3 251 2 15177 15169
0 3 252 2 -15160 15201
0 3 253 2 35419 5087
0 3 254 2 5034 -15145
0 3 255 2 32768 -1
0 4 0 2 -448 77
0 4 1 2 32777 29
0 4 2 2 15179 25285
0 4 3 2 5053 -15153
0 4 4 2 -5037 15173
0 4 5 2 -35399 35390
0 4 6 2 -35423 25251
0 4 7 2 -15176 5084
0 4 8 2 15154 35414
0 4 9 2 35402 35385
0 4 10 2 15184 -35386
0 4 11 2 -35380 -15180
0 4 12 2 -15166 -25295
0 4 13 2 -15171 -35375
0 4 14 2 -15178 15175
0 4 15 2 -15140 15157
0 4 16 2 -25291 35401
0 4 17 2 -25256 -25238
0 4 18 2 35390 -35360
0 4 19 2 15153 35412
0 4 20 2 -15164 15147
0 4 21 2 25251 15163
0 4 22 2 -25309 5038
0 4 23 2 -15167 -15210
0 4 24 2 5050 25276
0 4 25 2 -5056 5057
0 4 26 2 -25264 25301
0 4 27 2 -15189 -25265
0 4 28 2 -15139 -25288
0 4 29 2 -5026 -35416
0 4 30 2 25276 25264
0 4 31 2 -35394 5057
0 4 32 2 15172 -35359
0 4 33 2 32800 -1
0 4 34 2 5054 25255
0 4 35 2 -35421 -25262
0 4 36 2 -35384 -35423
0 4 37 2 35402 -5031
0 4 38 2 -25270 -35382
0 4 39 2 -35392 15180
0 4 40 2 -5077 -25269
0 4 41 2 5056 -15181
0 4 42 2 -5072 35372
0 4 43 2 -15149 -25280
0 4 44 2 35410 -25289
0 4 45 2 25303 5052
0 4 46 2 15162 -5032
0 4 47 2 -35436 15181
0 4 48 2 -35431 -35432
0 4 49 2 -5048 -35411
0 4 50 2 -5039 25316
0 4 51 2 -25280 35381
0 4 52 2 25285 -15155
0 4 53 2 25289 -15159
0 4 54 2 25291 -15188
0 4 55 2 25287 -35376
0 4 56 2 -25284 35394
0 4 57 2 -5040 15174
0 4 58 2 -5029 -35378
0 4 59 2 -15218 -15187
0 4 60 2 -15177 25234
0 4 61 2 -25263 -25280
0 4 62 2 -15209 15177
0 4 63 2 25256 25277
0 4 64 2 35399 25252
0 4 65 2 32759 28
0 4 66 2 -35389 25259
0 4 67 2 -5046 25266
0 4 68 2 -5092 -15180
0 4 69 2 -15169 -5050
0 4 70 2 -5065 5082
0 4 71 2 -35457 35371
0 4 72 2 -15153 5038
0 4 73 2 -5028 -15142
0 4 74 2 -15159 -25292
0 4 75 2 15169 15156
0 4 76 2 35382 15163
0 4 77 2 -5061 25281
0 4 78 2 -5033 -5046
0 4 79 2 35381 -25284
0 4 80 2 25272 5063
0 4 81 2 15154 -5045
0 4 82 2 5090 -35402
0 4 83 2 35444 -35369
0 4 84 2 35433 -15155
0 4 85 2 25279 25274
0 4 86 2 -25286 15190
0 4 87 2 -35401 5066
0 4 88 2 15191 -5051
0 4 89 2 25293 -25248
0 4 90 2 -35367 25265
0 4 91 2 15131 35391
0 4 92 2 -35386 -35380
0 4 93 2 35353 35362
0 4 94 2 25279 -15148
0 4 95 2 -25253 -35452
0 4 96 2 25236 35439
0 4 97 2 32752 9
0 4 98 2 -15167 5048
0 4 99 2 5052 -15177
0 4 100 2 15177 -25299
0 4 101 2 5028 25274
0 4 102 2 35352 -35370
0 4 103 2 35349 -5056
0 4 104 2 -15184 -15179
0 4 105 2 -25304 35395
0 4 106 2 -15183 25267
0 4 107 2 15197 5080
0 4 108 2 -35383 5027
0 4 109 2 -5029 5025
0 4 110 2 -25273 -25316
0 4 111 2 -15126 35402
0 4 112 2 15132 25290
0 4 113 2 1 -13
0 4 114 2 2 0
0 4 115 2 14 -14
0 4 116 2 -10 16
0 4 117 2 29 47
0 4 118 2 -4 -33
0 4 119 2 -46 8
0 4 120 2 -10 17
0 4 121 2 40 -19
0 4 122 2 0 -9
0 4 123 2 4 -17
0 4 124 2 -4 -43
0 4 125 2 -47 27
0 4 126 2 -3 1
0 4 127 2 11 14
0 4 128 2 -13 -27
0 4 129 2 -2 38
0 4 130 2 -7 9
0 4 131 2 9 -1
0 4 132 2 15 -16
0 4 133 2 0 0
0 4 134 2 -26 13
0 4 135 2 3 -15
0 4 136 2 35 -10
0 4 137 2 0 -4
0 4 138 2 0 7
0 4 139 2 23 -9
0 4 140 2 -12 35
0 4 141 2 9 27
0 4 142 2 -4 -34
0 4 143 2 -24 -34
0 4 144 2 5030 35407
0 4 145 2 -35394 -25308
0 4 146 2 -15155 -35408
0 4 147 2 15140 15154
0 4 148 2 15164 15157
0 4 149 2 -25311 -15170
0 4 150 2 5051 25289
0 4 151 2 15138 15206
0 4 152 2 -15196 5031
0 4 153 2 -5053 -15165
0 4 154 2 -5093 15200
0 4 155 2 25287 5084
0 4 156 2 -25271 -15182
0 4 157 2 5074 -15165
0 4 158 2 35421 5034
0 4 159 2 32783 -4
0 4 160 2 -35390 15185
0 4 161 2 -35384 -15165
0 4 162 2 -35376 -35369
0 4 163 2 15138 25260
0 4 164 2 5040 35407
0 4 165 2 -25294 35391
0 4 166 2 -15160 -5072
0 4 167 2 25289 -35402
0 4 168 2 -15167 -5050
0 4 169 2 -15161 -15206
0 4 170 2 -35418 5037
0 4 171 2 -35403 15158
0 4 172 2 35377 15159
0 4 173 2 35361 25291
0 4 174 2 -5056 -15181
0 4 175 2 35417 -35375
0 4 176 2 -35359 -35397
0 4 177 2 25291 -5059
0 4 178 2 -35401 -35392
0 4 179 2 -25263 -15195
0 4 180 2 -15166 -35414
0 4 181 2 -15181 25314
0 4 182 2 -25274 25286
0 4 183 2 25264 5042
0 4 184 2 -35370 -35433
0 4 185 2 -5060 -5068
0 4 186 2 -25286 -5060
0 4 187 2 25250 35388
0 4 188 2 -35376 -25284
0 4 189 2 -25294 35362
0 4 190 2 -5104 25247
0 4 191 2 32778 24
0 4 192 2 15163 -35402
0 4 193 2 -15161 -35398
0 4 194 2 35406 -35375
0 4 195 2 5082 15150
0 4 196 2 -35416 15169
0 4 197 2 -25268 -35376
0 4 198 2 -15170 -35391
0 4 199 2 -15177 -5045
0 4 200 2 35412 -5058
0 4 201 2 -35380 -35396
0 4 202 2 15187 -35412
0 4 203 2 -25259 -5042
0 4 204 2 -5060 -35386
0 4 205 2 -35371 -15179
0 4 206 2 15183 -5060
0 4 207 2 -5041 -5062
0 4 208 2 25272 -15147
0 4 209 2 -25262 5046
0 4 210 2 15168 -35398
0 4 211 2 -35392 5025
0 4 212 2 -15187 25261
0 4 213 2 -5043 -5065
0 4 214 2 -5057 -25282
0 4 215 2 -15125 -35408
0 4 216 2 25289 35406
0 4 217 2 -25266 25246
0 4 218 2 15131 -15162
0 4 219 2 35343 25313
0 4 220 2 -15173 25310
0 4 221 2 15161 15161
0 4 222 2 -25277 -25265
0 4 223 2 32741 -6
0 4 224 2 -15134 5058
0 4 225 2 35377 -5060
0 4 226 2 35400 -35342
0 4 227 2 35391 -5037
0 4 228 2 25286 15208
0 4 229 2 -35405 5049
0 4 230 2 35382 35428
0 4 231 2 -5061 35369
0 4 232 2 35387 -35341
0 4 233 2 -15174 25216
0 4 234 2 15147 25287
0 4 235 2 25284 15224
0 4 236 2 15181 -35388
0 4 237 2 15189 -5048
0 4 238 2 25317 -35384
0 4 239 2 -35404 35365
0 4 240 2 25295 -15136
0 4 241 2 25279 35394
0 4 242 2 -25244 -25299
0 4 243 2 -25270 -5073
0 4 244 2 -25262 -35390
0 4 245 2 -5054 -35367
0 4 246 2 35379 5048
0 4 247 2 -5016 -15168
0 4 248 2 25291 -5072
0 4 249 2 35407 -15167
0 4 250 2 -25306 35376
0 4 251 2 -15144 -5057
0 4 252 2 25288 -35407
0 4 253 2 -15175 -5029
0 4 254 2 25302 15179
0 4 255 2 32766 29
0 5 0 2 -467 91
0 5 1 2 32808 7
0 5 2 2 -35394 -25277
0 5 3 2 -25258 -15173
0 5 4 2 5023 35391
0 5 5 2 -35373 15155
0 5 6 2 -35380 -25292
0 5 7 2 35385 5080
0 5 8 2 35393 -25246
0 5 9 2 -25306 25292
0 5 10 2 -25253 -5060
0 5 11 2 25293 -35368
0 5 12 2 -35396 15143
0 5 13 2 5017 25265
0 5 14 2 25300 15146
0 5 15 2 -25304 -15167
0 5 16 2 35357 25294
0 5 17 2 25263 -5035
0 5 18 2 -5034 -25282
0 5 19 2 35374 25271
0 5 20 2 -5073 25271
0 5 21 2 5055 35361
0 5 22 2 25270 15176
0 5 23 2 -5113 25265
0 5 24 2 25326 5056
0 5 25 2 -25257 25260
0 5 26 2 -35403 35389
0 5 27 2 -15163 15124
0 5 28 2 5062 15191
0 5 29 2 -25276 5049
0 5 30 2 -15184 -15168
0 5 31 2 25301 -25277
0 5 32 2 -35383 15158
0 5 33 2 32736 5
0 5 34 2 25224 -15157
0 5 35 2 -35402 -15168
0 5 36 2 5033 -25311
0 5 37 2 15198 25271
0 5 38 2 4995 35408
0 5 39 2 15162 5070
0 5 40 2 15155 -5052
0 5 41 2 -35379 -5043
0 5 42 2 -5085 -5057
0 5 43 2 -15169 -5062
0 5 44 2 5067 -5073
0 5 45 2 -25287 35407
0 5 46 2 -15179 15169
0 5 47 2 25243 25282
0 5 48 2 25287 5030
0 5 49 2 25278 -5069
0 5 50 2 -15169 5071
0 5 51 2 -5067 5063
0 5 52 2 35402 5106
0 5 53 2 25228 35431
0 5 54 2 15194 -25269
0 5 55 2 -5058 15176
0 5 56 2 -25244 -25268
0 5 57 2 25296 5060
0 5 58 2 5065 -15177
0 5 59 2 15173 -25294
0 5 60 2 -25276 -25281
0 5 61 2 -5064 -25272
0 5 62 2 -35401 5021
0 5 63 2 25290 35399
0 5 64 2 5042 25267
0 5 65 2 32774 25
0 5 66 2 -35401 15143
0 5 67 2 -25268 -5075
0 5 68 2 -35388 5026
0 5 69 2 15173 -25274
0 5 70 2 -5040 -5050
0 5 71 2 15178 -35389
0 5 72 2 35402 -5057
0 5 73 2 -5047 -35403
0 5 74 2 -35401 5048
0 5 75 2 -35397 -35370
0 5 76 2 -25258 -15158
0 5 77 2 25270 15190
0 5 78 2 -15097 -25299
0 5 79 2 5056 -35365
0 5 80 2 -35379 -15157
0 5 81 2 -5065 -15147
0 5 82 2 -15168 -25268
0 5 83 2 15180 -15127
0 5 84 2 -15157 -5041
0 5 85 2 35407 15151
0 5 86 2 15158 -25269
0 5 87 2 -5068 15167
0 5 88 2 -15139 -25275
0 5 89 2 -35414 15187
0 5 90 2 -25265 15153
0 5 91 2 35406 25265
0 5 92 2 -15177 -25286
0 5 93 2 15125 35379
0 5 94 2 -15202 5077
0 5 95 2 -35375 -35386
0 5 96 2 35396 -5025
0 5 97 2 32766 31
0 5 98 2 -5065 -15135
0 5 99 2 -5078 -5064
0 5 100 2 5087 -35386
0 5 101 2 5074 -5052
0 5 102 2 -5056 -5043
0 5 103 2 -5079 35386
0 5 104 2 -5058 -5027
0 5 105 2 15176 -35366
0 5 106 2 15149 35376
0 5 107 2 -25273 35366
0 5 108 2 25276 35393
0 5 109 2 -35353 -25290
0 5 110 2 -35366 -15173
0 5 111 2 -35386 -15189
0 5 112 2 -15173 25296
0 5 113 2 35 -4
0 5 114 2 -30 -10
0 5 115 2 -3 19
0 5 116 2 -6 2
0 5 117 2 -23 30
0 5 118 2 -2 10
0 5 119 2 12 7
0 5 120 2 13 -15
0 5 121 2 -12 6
0 5 122 2 -6 -15
0 5 123 2 -9 -7
0 5 124 2 -8 22
0 5 125 2 -3 -2
0 5 126 2 -8 -9
0 5 127 2 5 43
0 5 128 2 -44 5
0 5 129 2 -2 -10
0 5 130 2 8 39
0 5 131 2 -8 -11
0 5 132 2 3 -4
0 5 133 2 3 5
0 5 134 2 -9 16
0 5 135 2 5 24
0 5 136 2 8 -19
0 5 137 2 -5 24
0 5 138 2 -7 -6
0 5 139 2 29 20
0 5 140 2 -22 19
0 5 141 2 23 -17
0 5 142 2 -22 14
0 5 143 2 0 -14
0 5 144 2 -5085 5042
0 5 145 2 -25309 25258
0 5 146 2 -35401 -5077
0 5 147 2 5081 -5046
0 5 148 2 -5060 -15141
0 5 149 2 -15203 35376
0 5 150 2 25284 35385
0 5 151 2 -5070 35392
0 5 152 2 15170 -15160
0 5 153 2 -5083 15165
0 5 154 2 -35384 15153
0 5 155 2 -35365 35395
0 5 156 2 35403 -5049
0 5 157 2 25294 -25281
0 5 158 2 35382 5067
0 5 159 2 32746 -16
0 5 160 2 15189 -25260
0 5 161 2 25259 -15183
0 5 162 2 -35412 -35399
0 5 163 2 -25276 25262
0 5 164 2 25297 35410
0 5 165 2 15121 5031
0 5 166 2 -15158 -35377
0 5 167 2 -35387 25273
0 5 168 2 -35395 15149
0 5 169 2 -25266 -35388
0 5 170 2 35424 -15116
0 5 171 2 -5069 35366
0 5 172 2 25276 -25259
0 5 173 2 -15146 -15180
0 5 174 2 5061 15184
0 5 175 2 15175 5052
0 5 176 2 15160 -35413
0 5 177 2 -5084 15143
0 5 178 2 -35400 25242
0 5 179 2 -15154 5021
0 5 180 2 25313 -25260
0 5 181 2 5047 -25271
0 5 182 2 5013 35377
0 5 183 2 -15131 -35407
0 5 184 2 -35391 -15200
0 5 185 2 -5063 -25309
0 5 186 2 -15158 15159
0 5 187 2 -35376 5060
0 5 188 2 -15152 -25252
0 5 189 2 -5059 15171
0 5 190 2 35411 -35368
0 5 191 2 32783 -29
0 5 192 2 -15167 5012
0 5 193 2 -5079 -35414
0 5 194 2 5042 25257
0 5 195 2 -25273 35415
0 5 196 2 -15132 25272
0 5 197 2 25297 -35374
0 5 198 2 25269 15167
0 5 199 2 -35428 -5098
0 5 200 2 25255 5058
0 5 201 2 -5030 5047
0 5 202 2 -5045 -35376
0 5 203 2 35368 -35380
0 5 204 2 -15153 -25293
0 5 205 2 -15140 -35439
0 5 206 2 35425 15188
0 5 207 2 25279 15183
0 5 208 2 -5067 -5023
0 5 209 2 -35396 15170
0 5 210 2 -5043 5070
0 5 211 2 -5041 -15191
0 5 212 2 -25286 35379
0 5 213 2 25248 25308
0 5 214 2 15163 5082
0 5 215 2 -25283 -5045
0 5 216 2 25289 -35383
0 5 217 2 -35389 15185
0 5 218 2 35341 -15153
0 5 219 2 35390 5084
0 5 220 2 5045 15221
0 5 221 2 25271 35412
0 5 222 2 -15177 -35392
0 5 223 2 32759 3
0 5 224 2 -15150 35383
0 5 225 2 35384 -35359
0 5 226 2 15147 -15182
0 5 227 2 25271 35397
0 5 228 2 -25258 -35383
0 5 229 2 35381 35398
0 5 230 2 -15169 -35420
0 5 231 2 -25299 25293
0 5 232 2 -15169 15196
0 5 233 2 -5029 15160
0 5 234 2 -15163 -5064
0 5 235 2 5044 35369
0 5 236 2 35388 15156
0 5 237 2 -35390 5066
0 5 238 2 -35376 -25255
0 5 239 2 -15153 5039
0 5 240 2 -35378 -35397
0 5 241 2 -35355 -25267
0 5 242 2 35380 15188
0 5 243 2 15134 -35398
0 5 244 2 -35373 35338
0 5 245 2 -25301 -15167
0 5 246 2 15122 35378
0 5 247 2 5072 5071
0 5 248 2 15199 -15192
0 5 249 2 35366 15194
0 5 250 2 35368 5046
0 5 251 2 25282 -5025
0 5 252 2 -5041 25267
0 5 253 2 15136 35406
0 5 254 2 -15171 25277
0 5 255 2 32750 3
