-0.527767539 0.162509978
-0.527767539 0.162509978
-0.308259964 0.077934444
-0.366719663 -0.0414520279
-0.310087234 0.0999086425
-0.227940381 0.198303387
-0.1396873 0.0480678752
-0.117166996 0.00302269822
-0.168490216 0.158124909
-0.0068130116 0.0527091138
0.00658567157 0.118377544
0.0470528379 0.196748331
0.0325686969 0.0716069862
0.124081254 0.102999873
0.259624422 0.147567108
0.134010315 0.0499415249
0.29421258 0.0585273691
0.327626258 -0.0330962986
0.51704812 0.01254737
0.423101842 -0.0498360358
0.358992487 -0.0206084084
0.393829733 -0.0727473572
0.495758891 -0.198289141
0.478221118 -0.16156505
0.603993118 -0.302616775
0.497910172 -0.288370818
0.583175421 -0.456567705
0.67433387 -0.563399255
0.551243663 -0.474867225
0.506455243 -0.606993914
0.486897588 -0.517140627
0.583240211 -0.621938288
0.539711058 -0.715815187
0.556977332 -0.765681088
0.583767533 -0.911391079
0.574180961 -0.81447351
0.518360734 -0.998293102
0.367573529 -1.00344539
0.355190277 -1.05135012
0.262143075 -1.06650436
0.34162572 -1.18886793
0.195302933 -1.07217896
0.260041684 -1.20456564
0.143303409 -1.2500695
0.0589231923 -1.27480388
0.0773346201 -1.23004913
0.0992636234 -1.29193485
-0.107446603 -1.19759607
0.00573125482 -1.25030303
-0.281475753 -1.2563628
-0.168816298 -1.33871186
-0.346843779 -1.2486707
-0.249470606 -1.30496299
-0.520063698 -1.21568751
-0.564643025 -1.21737921
-0.626981258 -1.22369635
-0.461331874 -1.32841849
-0.660577774 -1.11265826
-0.850218832 -1.01490986
-0.721819222 -1.09624207
-0.770839155 -0.9908005
-0.957170725 -1.02883768
-1.03385401 -1.00033438
-0.922437012 -0.892441392
-1.06965387 -0.78823638
-1.06270242 -0.785642028
-1.15947926 -0.985611975
-1.17358315 -0.578615308
-1.23469949 -0.592287123
-1.11498296 -0.615039229
-1.17646158 -0.490265369
-1.25398827 -0.365157217
-1.13195133 -0.311847657
-1.11950576 -0.342348695
-1.33922756 -0.247124553
-1.25180185 -0.0779557824
-1.18467259 -0.0333750769
-1.14101374 -0.0508692227
-1.0658983 0.0650793687
-1.12127185 0.0257425793
-1.15747643 0.121469662
-1.25943518 0.267865181
-0.990068138 0.29901886
-1.04561186 0.327510923
-0.929014027 0.50643748
-0.847480416 0.256046534
-0.901725888 0.359562963
-0.788169742 0.476840436
-0.67445296 0.552218497
-0.646000445 0.526491344
-0.634705901 0.702094495
-0.566696644 0.697412372
-0.569648266 0.659651518
-0.449763477 0.59963727
-0.472573817 0.624003112
-0.41113326 0.661486089
-0.310540348 0.712419391
-0.267552614 0.827735066
-0.168235764 0.752479494
-0.192845792 0.716888309
-0.103119053 0.638367414
0.0397331417 0.730197132
0.102593124 0.568277299
0.107115835 0.599044859
0.110336654 0.520539343
0.0487549268 0.559090376
0.057141643 0.497074187
0.251332223 0.447775602
0.184985042 0.433874547
0.255664349 0.403675199
0.358771145 0.389069468
0.304757833 0.260305583
0.32721898 0.160889879
0.304235488 0.148399338
0.281252027 0.135908797
0.258268565 0.123418264
0.235285074 0.110927723
0.212301612 0.0984371901
0.189318135 0.0859466493
0.166334659 0.073456116
0.143351182 0.0609655753
0.120367713 0.0484750383
0.0973842368 0.035984505
0.0744007677 0.0234939661
0.0514172912 0.0110034291
0.0284338184 -0.00148710771
0.00545034418 -0.013977645
-0.0175331291 -0.026468182
-0.0405166037 -0.0389587171
-0.0635000765 -0.0514492542
-0.0864835531 -0.0639397949
-0.109467022 -0.0764303282
-0.132450491 -0.0889208689
-0.155433968 -0.101411402
-0.178417444 -0.113901943
-0.201400921 -0.126392484
-0.224384397 -0.13888301
-0.247367859 -0.15137355
-0.27035135 -0.163864091
-0.293334812 -0.176354632
-0.316318274 -0.188845158
-0.339301765 -0.201335698
-0.362285227 -0.213826239
-0.385268718 -0.22631678
-0.40825218 -0.238807306
-0.46844548 -0.412169605
-0.511759162 -0.243447527
-0.637471497 -0.172639504
-0.541418314 -0.14057976
-0.615325093 -0.00938142464
-0.635259569 0.00299592433
-0.613716841 0.0616306625
-0.569358528 -0.0176302586
-0.66647011 0.137856796
-0.578152001 0.207401454
-0.573984265 0.280679971
-0.519000173 0.293364972
-0.600826263 0.385697067
-0.52279222 0.2630243
-0.569414437 0.494171143
-0.616954803 0.536750019
-0.504074395 0.575524271
-0.511209548 0.489913136
-0.447799206 0.773240924
-0.38911283 0.70120573
-0.375647098 0.815934956
-0.229497239 0.785115302
-0.233798236 0.767025709
-0.128241748 0.736374378
-0.120224901 0.980280221
0.026696993 0.920866311
0.0108771324 0.935952604
0.130809397 0.889509261
0.117165454 0.913700283
0.211615905 0.974206746
0.364358723 0.960904002
0.368336976 0.943745434
0.37163505 1.01646781
0.477432877 0.964536905
0.606204331 0.982113481
0.591028214 0.869332135
0.80701232 0.767169595
0.810459971 0.843953192
0.895978391 0.75844574
0.887331009 0.889051616
0.950003326 0.760042846
1.00263166 0.740777493
1.04542601 0.638468742
1.13354039 0.619954348
1.1779871 0.519464552
1.16607869 0.536935508
1.27655542 0.317548037
1.23053455 0.263583869
1.34945941 0.293818712
1.30576241 0.10627602
1.41110277 0.144795537
1.48569822 0.0341707245
1.43694115 0.020570023
1.45561707 -0.103010185
1.46017945 -0.0334817953
1.5690124 -0.317223907
1.39874363 -0.407881647
1.45118988 -0.422413915
1.40415251 -0.459992528
1.41690314 -0.576535106
1.38783205 -0.586978912
1.41119802 -0.641622603
1.39860034 -0.705301166
1.34307361 -0.796638548
1.31266606 -0.933664203
1.14451611 -1.05424964
1.12706459 -0.953172147
0.935938179 -0.978780985
1.1108346 -1.07181895
0.996517718 -1.19215441
0.978625536 -1.19780028
0.842739701 -1.25288403
0.862044036 -1.33862448
0.617777586 -1.37761927
0.630818486 -1.30764341
0.608292103 -1.27774262
0.549820364 -1.39416683
0.374934018 -1.40028977
0.422867417 -1.54290378
0.339873075 -1.4643153
0.280164003 -1.3451978
0.107179858 -1.39470661
0.107219309 -1.2913655
-0.114830479 -1.28763008
-0.014363857 -1.26745915
-0.154765204 -1.19004142
-0.187085941 -1.24985409
-0.326481134 -1.19444299
-0.30908677 -1.25415671
-0.325999975 -1.19567931
-0.373517513 -1.11462414
-0.48819977 -1.08016324
-0.559632838 -1.04059553
-0.56127125 -0.989827812
-0.452008218 -0.854047537
-0.583205163 -1.00174105
-0.613927603 -0.739265025
-0.669430733 -0.755218089
-0.57680285 -0.741716504
-0.609512508 -0.669187248
-0.733981967 -0.587271929
-0.677336812 -0.579859674
-0.623462737 -0.424426585
-0.58192873 -0.429177016
-0.497615367 -0.48112449
-0.569594264 -0.247686833
-0.643418968 -0.308278173
-0.414841264 -0.225421891
-0.630167425 -0.0948582664
-0.61699295 -0.140490204
-0.516384542 -0.0774368718
