-0.527767539 0.162509978
0.273080677 0.16286473
0.229998961 0.288620979
-0.289910853 -0.148618698
-0.301399857 -0.0209565144
-0.132762954 -0.0647847131
0.0807122067 -0.0849869475
-0.230951771 -0.00732938293
0.0420884974 -0.0324534439
-0.07904879 0.0883623362
-0.105850697 0.172393456
-0.0276042391 0.0736633316
-0.0149067892 -0.160570607
0.0792364851 0.287927896
0.0594456084 0.130073592
-0.166654617 -0.249424815
-0.208264142 0.255069375
-0.374480546 0.356735885
-0.334417582 -0.263938785
-0.239273682 0.268418372
0.329919815 0.227039516
0.490766078 0.210342884
-0.223909646 0.452397138
-0.641070008 -0.213105261
-0.148166686 0.555984616
0.0895251483 -0.735209405
-0.0784426108 0.87520951
0.0540063009 -0.725569963
0.07109157 0.787327468
0.709962249 -0.0213850811
-0.0273636505 -0.852189898
0.124524407 0.887791097
0.556977332 -0.765681088
-0.231664836 -1.05723679
0.981926978 -0.169912487
1.07243621 -0.339363456
0.969456732 -0.449629277
0.994574249 -0.492259324
0.939495623 -0.568769336
-0.599090755 -1.08222246
-0.896245003 0.620044947
0.667879343 1.0356338
0.782601833 0.985263467
-0.859757483 -0.943087459
0.924459934 -0.815092266
0.983725846 -0.843345881
-0.922804534 -0.770852089
-0.880045116 -0.888150334
-0.689349234 1.08741605
-1.06598341 -0.827241123
-0.637687922 1.1281991
-1.09915054 -0.746345818
0.491880327 -1.22736144
1.26007998 0.46155417
-0.421941251 1.30862665
-1.26554465 -0.61312288
-1.25386727 -0.319669187
-1.31884515 -0.116454132
-0.264756918 1.28556347
1.24566734 0.155536175
1.40432 0.0506761968
-0.0237019546 -1.43838847
-1.2833128 0.0212101061
-1.31372678 0.198992237
-1.06270242 -0.785642028
-1.51680851 0.122942723
0.420705795 1.23899138
0.45425418 1.29187465
0.353513628 1.22331047
1.17855394 -0.485213995
-0.628498495 -1.14490879
-1.02092004 0.579900861
1.03368723 -0.549533069
1.12172031 -0.772233427
0.940280616 -0.830034494
-0.814090312 -0.861289799
0.842788517 -0.770848572
0.799722016 0.707685888
0.81106168 0.774656177
0.904351473 0.73256743
-0.701145828 1.0799644
-0.91152215 -0.488645643
-0.970944405 -0.507773995
1.01501751 0.298806727
0.41820693 -0.780311406
-0.891865909 -0.383367091
0.894497275 0.220143065
0.0864328146 -0.867387712
0.829076886 0.0845056921
-0.945260644 0.0476509258
-0.0924299657 -0.893860042
-0.869246185 0.0636419132
-0.742038369 0.105976753
-0.775397003 0.10707669
0.758456409 -0.177026197
-0.723341763 0.284171373
-0.267552614 0.827735066
0.651044011 -0.413122714
-0.370554 -0.643279135
-0.378477752 -0.524310112
0.544422925 0.488231778
-0.329288423 0.474377006
-0.499330997 -0.347846329
0.290057123 -0.446096718
-0.360861659 0.429811537
-0.311079293 0.391889781
-0.494343877 -0.138906449
-0.437599808 -0.175991461
0.104659483 -0.466223478
-0.52880317 -0.0214241482
0.0314324982 0.399560183
-0.117612436 -0.345145077
0.457540154 -0.119815618
-0.62268889 0.039793063
-0.189724997 -0.534011781
-0.572834969 0.32868585
0.283435673 0.482245475
0.441734195 -0.428466856
-0.44707793 0.451314807
0.477542818 0.390383899
-0.390130788 -0.415063739
0.568745017 0.373786062
-0.555470169 -0.262160212
-0.604338884 -0.207397461
0.159548208 -0.574428916
0.152119324 -0.697577357
-0.555656195 -0.183683649
-0.569414437 0.494171143
-0.0567133427 0.815792501
0.0505227149 0.763391554
0.707900643 0.0150588322
-0.863405764 0.230122045
0.770971656 -0.220683023
-0.311330527 -0.842575729
-0.717439413 0.392881304
-0.707689404 0.377048761
-0.611375928 0.4300147
0.778174639 -0.608150959
0.670028448 0.632273197
0.669509709 0.654127121
0.536481798 -0.72147423
-0.728932142 -0.563235164
0.838503242 0.539233148
-0.937102258 -0.421821207
0.927782357 0.406875223
-0.981536925 -0.455965608
-1.01962662 -0.344434559
0.265807897 -1.12311029
1.03263068 0.196790606
1.11311471 -0.0281730816
-0.0236832704 1.16984677
-0.0972503051 -1.16985452
-0.00121664593 1.25609219
-1.20918524 0.13432236
0.185158849 1.2327764
1.19069338 -0.287762254
-1.23990798 0.363160163
-0.46564576 -1.20027959
1.2042129 -0.444871426
1.27655542 0.317548037
1.05650127 -0.683737397
-0.746450722 -1.16197312
0.848164976 0.998461962
0.895414412 1.10018623
-1.07470965 1.02638495
1.00152564 1.03061604
1.10211587 0.956437469
1.00882757 -1.05617797
-1.33377051 -0.885148168
-1.27747703 -0.700645268
-1.32483792 -0.727454424
0.667621911 -1.31814957
1.40957367 0.594229877
-0.56628871 1.39640224
-0.544171989 1.45156336
1.48768306 0.49023658
0.386387944 -1.51300502
-0.267994821 1.58839536
0.0638279989 -1.55476213
-0.122960523 1.47094953
0.0302944351 1.35391092
-1.54336917 -0.0275882054
0.138336048 1.54762495
1.53896546 -0.154979989
0.290015817 1.48182976
1.55610764 -0.336993307
-1.41095865 0.537289202
0.478587508 1.37069952
1.33362794 -0.473373026
1.37460649 -0.597043097
-0.725035965 -1.25527275
0.422867417 -1.54290378
-1.27575386 0.795100749
1.14930439 -0.753092647
-0.910418868 -1.06199408
-0.988948822 0.837317824
-0.829294562 0.991689384
-0.90638572 -0.886072159
-0.950921893 -0.732050836
1.01607001 0.751490533
0.613741755 -1.07545578
-0.668265343 1.10538006
1.07598972 0.614956141
-1.05227506 -0.524041533
-1.10900009 -0.418581337
1.13153231 0.340092003
-1.0967927 -0.303035259
-0.284284711 0.923520863
0.295949608 -1.12072623
0.956851661 0.0886269584
1.00737882 0.0606608056
0.116611563 -0.932334006
0.0421964154 -0.904177248
0.103739664 0.934267581
0.888972163 -0.0689267814
-0.140739828 -0.740969658
-0.108011767 -0.714959741
-0.692073584 0.0116608161
-0.227622911 -0.577904999
0.236980349 0.672951519
0.452734411 -0.133939713
-0.512670577 0.378520727
-0.336938322 -0.535621464
-0.516384542 -0.0774368718
