00 01 02 03 04 05 06 07 08 09 0a 0b 0c 0d 0e 0f 10 11 12 13 14 15 16 17 18 19 1a 1b 1c 1d 1e 1f 20 21 22 23 24 25 26 27 28 29 2a 2b 2c 2d 2e 2f 30 31 32 33 34 35 36 37 38 39 3a 3b 3c 3d 3e 3f 40 41 42 43 44 45 46 47 48 49 4a 4b 4c 4d 4e 4f 50 51 52 53 54 55 56 57 58 59 5a 5b 5c 5d 5e 5f 60 61 62 63 64 65 66 67 68 69 6a 6b 6c 6d 6e 6f 70 71 72 73 74 75 76 77 78 79 7a 7b 7c 7d 7e 7f 80 81 82 83 84 85 86 87 88 89 8a 8b 8c 8d 8e 8f 90 91 92 93 94 95 96 97 98 99 9a 9b 9c 9d 9e 9f a0 a1 a2 a3 a4 a5 a6 a7 a8 a9 aa ab ac ad ae af b0 b1 b2 b3 b4 b5 b6 b7 b8 b9 ba bb bc bd be bf c0 c1 c2 c3 c4 c5 c6 c7 c8 c9 ca cb cc cd ce cf d0 d1 d2 d3 d4 d5 d6 d7 d8 d9 da db dc dd de df e0 e1 e2 e3 e4 e5 e6 e7 e8 e9 ea eb ec ed ee ef f0 f1 f2 f3 f4 f5 f6 f7 f8 f9 fa fb fc fd fe ff

00
ff
31 32 33 34 35 36 37 38 39
cf 00 00 00 00 00 00 00
15 00 00 00 00 00 00 00 2d 00 00 00 00 00 00 00 3c 00 00 00 00 00 00 00 2e 00 00 00 00 00 00 00 cd 00 00 00 00 00 00 00 de 00 00 00 00 00 00 00 95 00 00 00 00 00 00 00
0a 00 00 00 00 00 00 00 18 00 00 00 00 00 00 00 55 00 00 00 00 00 00 00 6e 00 00 00 00 00 00 00 9f 00 00 00 00 00 00 00 7a 00 00 00 00 00 00 00 43 00 00 00 00 00 00 00 28 00 00 00 00 00 00 00 b1 00 00 00 00 00 00 00 bc 00 00 00 00 00 00 00 08 00 00 00 00 00 00 00 1d 00 00 00 00 00 00 00 73 00 00 00 00 00 00 00 64 00 00 00 00 00 00 00 e3 00 00 00 00 00 00 00 84 00 00 00 00 00 00 00 6b 00 00 00 00 00 00 00 6e 00 00 00 00 00 00 00 aa 00 00 00 00 00 00 00 96 00 00 00 00 00 00 00 2c 00 00 00 00 00 00 00 bc 00 00 00 00 00 00 00 c1 00 00 00 00 00 00 00 f4 00 00 00 00 00 00 00 c9 00 00 00 00 00 00 00 48 00 00 00 00 00 00 00 51 00 00 00 00 00 00 00 a6 00 00 00 00 00 00 00 a6 00 00 00 00 00 00 00 b2 00 00 00 00 00 00 00 de 00 00 00 00 00 00 00 4a 00 00 00 00 00 00 00 f0 00 00 00 00 00 00 00 00 00 00 00 00 00 00 00 13 00 00 00 00 00 00 00 f9 00 00 00 00 00 00 00 f1 00 00 00 00 00 00 00 4c 00 00 00 00 00 00 00 23 00 00 00 00 00 00 00 50 00 00 00 00 00 00 00 0b 00 00 00 00 00 00 00 e4 00 00 00 00 00 00 00 a9 00 00 00 00 00 00 00 95 00 00 00 00 00 00 00 3e 00 00 00 00 00 00 00 78 00 00 00 00 00 00 00 30 00 00 00 00 00 00 00 c5 00 00 00 00 00 00 00 79 00 00 00 00 00 00 00 07 00 00 00 00 00 00 00 41 00 00 00 00 00 00 00 b4 00 00 00 00 00 00 00 85 00 00 00 00 00 00 00 5f 00 00 00 00 00 00 00 40 00 00 00 00 00 00 00 17 00 00 00 00 00 00 00 9b 00 00 00 00 00 00 00 a9 00 00 00 00 00 00 00 85 00 00 00 00 00 00 00 ee 00 00 00 00 00 00 00 ed 00 00 00 00 00 00 00 35 00 00 00 00 00 00 00 9b 00 00 00 00 00 00 00 a1 00 00 00 00 00 00 00
3f 00 00 00 00 00 00 00 4c 00 00 00 00 00 00 00 7c 00 00 00 00 00 00 00 bd 00 00 00 00 00 00 00 4a 00 00 00 00 00 00 00 b8 00 00 00 00 00 00 00 a7 00 00 00 00 00 00 00 37 00 00 00 00 00 00 00 63 00 00 00 00 00 00 00 d4 00 00 00 00 00 00 00 d7 00 00 00 00 00 00 00 a8 00 00 00 00 00 00 00 01 00 00 00 00 00 00 00 ae 00 00 00 00 00 00 00 39 00 00 00 00 00 00 00 d1 00 00 00 00 00 00 00 e9 00 00 00 00 00 00 00 6d 00 00 00 00 00 00 00 f4 00 00 00 00 00 00 00 c2 00 00 00 00 00 00 00 53 00 00 00 00 00 00 00 e0 00 00 00 00 00 00 00 62 00 00 00 00 00 00 00 1a 00 00 00 00 00 00 00 97 00 00 00 00 00 00 00 d9 00 00 00 00 00 00 00 a8 00 00 00 00 00 00 00 64 00 00 00 00 00 00 00 e6 00 00 00 00 00 00 00 7a 00 00 00 00 00 00 00 62 00 00 00 00 00 00 00 25 00 00 00 00 00 00 00 36 00 00 00 00 00 00 00 b2 00 00 00 00 00 00 00 cc 00 00 00 00 00 00 00 4a 00 00 00 00 00 00 00 a0 00 00 00 00 00 00 00 df 00 00 00 00 00 00 00 25 00 00 00 00 00 00 00 46 00 00 00 00 00 00 00 86 00 00 00 00 00 00 00 8f 00 00 00 00 00 00 00 65 00 00 00 00 00 00 00 66 00 00 00 00 00 00 00 21 00 00 00 00 00 00 00 9c 00 00 00 00 00 00 00 ee 00 00 00 00 00 00 00 32 00 00 00 00 00 00 00 cc 00 00 00 00 00 00 00 2e 00 00 00 00 00 00 00 0b 00 00 00 00 00 00 00 bf 00 00 00 00 00 00 00 2e 00 00 00 00 00 00 00 c0 00 00 00 00 00 00 00 54 00 00 00 00 00 00 00 91 00 00 00 00 00 00 00 f0 00 00 00 00 00 00 00 eb 00 00 00 00 00 00 00 79 00 00 00 00 00 00 00 34 00 00 00 00 00 00 00 40 00 00 00 00 00 00 00 d9 00 00 00 00 00 00 00 96 00 00 00 00 00 00 00 2b 00 00 00 00 00 00 00 e2 00 00 00 00 00 00 00 f6 00 00 00 00 00 00 00 f8 00 00 00 00 00 00 00 9f 00 00 00 00 00 00 00 f9 00 00 00 00 00 00 00 9b 00 00 00 00 00 00 00 80 00 00 00 00 00 00 00 f8 00 00 00 00 00 00 00 9a 00 00 00 00 00 00 00 c9 00 00 00 00 00 00 00 56 00 00 00 00 00 00 00 ca 00 00 00 00 00 00 00 f9 00 00 00 00 00 00 00 0d 00 00 00 00 00 00 00 89 00 00 00 00 00 00 00 5e 00 00 00 00 00 00 00 0d 00 00 00 00 00 00 00 15 00 00 00 00 00 00 00 44 00 00 00 00 00 00 00 31 00 00 00 00 00 00 00 b7 00 00 00 00 00 00 00 36 00 00 00 00 00 00 00 a0 00 00 00 00 00 00 00 db 00 00 00 00 00 00 00 7e 00 00 00 00 00 00 00 20 00 00 00 00 00 00 00 11 00 00 00 00 00 00 00 4b 00 00 00 00 00 00 00 69 00 00 00 00 00 00 00 7e 00 00 00 00 00 00 00 4e 00 00 00 00 00 00 00 d9 00 00 00 00 00 00 00 91 00 00 00 00 00 00 00 f7 00 00 00 00 00 00 00 ef 00 00 00 00 00 00 00 b5 00 00 00 00 00 00 00 07 00 00 00 00 00 00 00 36 00 00 00 00 00 00 00 bf 00 00 00 00 00 00 00 8b 00 00 00 00 00 00 00 f1 00 00 00 00 00 00 00 b4 00 00 00 00 00 00 00 d1 00 00 00 00 00 00 00 0d 00 00 00 00 00 00 00 4b 00 00 00 00 00 00 00 ae 00 00 00 00 00 00 00 a2 00 00 00 00 00 00 00 5e 00 00 00 00 00 00 00 28 00 00 00 00 00 00 00 96 00 00 00 00 00 00 00 16 00 00 00 00 00 00 00 ab 00 00 00 00 00 00 00 cd 00 00 00 00 00 00 00 ab 00 00 00 00 00 00 00 10 00 00 00 00 00 00 00 85 00 00 00 00 00 00 00 4d 00 00 00 00 00 00 00 8e 00 00 00 00 00 00 00 ae 00 00 00 00 00 00 00 32 00 00 00 00 00 00 00 09 00 00 00 00 00 00 00 7e 00 00 00 00 00 00 00 9e 00 00 00 00 00 00 00 20 00 00 00 00 00 00 00 ec 00 00 00 00 00 00 00 7b 00 00 00 00 00 00 00 f7 00 00 00 00 00 00 00 89 00 00 00 00 00 00 00 ba 00 00 00 00 00 00 00 c6 00 00 00 00 00 00 00 7f 00 00 00 00 00 00 00 64 00 00 00 00 00 00 00 aa 00 00 00 00 00 00 00 05 00 00 00 00 00 00 00 9e 00 00 00 00 00 00 00 87 00 00 00 00 00 00 00 26 00 00 00 00 00 00 00 34 00 00 00 00 00 00 00 08 00 00 00 00 00 00 00 bd 00 00 00 00 00 00 00 af 00 00 00 00 00 00 00 63 00 00 00 00 00 00 00 f4 00 00 00 00 00 00 00 61 00 00 00 00 00 00 00 4e 00 00 00 00 00 00 00 e8 00 00 00 00 00 00 00 15 00 00 00 00 00 00 00 64 00 00 00 00 00 00 00 06 00 00 00 00 00 00 00 59 00 00 00 00 00 00 00 b9 00 00 00 00 00 00 00 59 00 00 00 00 00 00 00 7e 00 00 00 00 00 00 00 7b 00 00 00 00 00 00 00 0f 00 00 00 00 00 00 00 17 00 00 00 00 00 00 00 4c 00 00 00 00 00 00 00 8b 00 00 00 00 00 00 00 12 00 00 00 00 00 00 00 eb 00 00 00 00 00 00 00 da 00 00 00 00 00 00 00 90 00 00 00 00 00 00 00 bb 00 00 00 00 00 00 00 be 00 00 00 00 00 00 00 02 00 00 00 00 00 00 00 f2 00 00 00 00 00 00 00 0c 00 00 00 00 00 00 00 d7 00 00 00 00 00 00 00 d5 00 00 00 00 00 00 00 be 00 00 00 00 00 00 00 22 00 00 00 00 00 00 00 d0 00 00 00 00 00 00 00 f5 00 00 00 00 00 00 00 d1 00 00 00 00 00 00 00 b1 00 00 00 00 00 00 00 40 00 00 00 00 00 00 00 8d 00 00 00 00 00 00 00 7b 00 00 00 00 00 00 00 de 00 00 00 00 00 00 00 57 00 00 00 00 00 00 00 68 00 00 00 00 00 00 00 43 00 00 00 00 00 00 00 7d 00 00 00 00 00 00 00 92 00 00 00 00 00 00 00 75 00 00 00 00 00 00 00 51 00 00 00 00 00 00 00 8c 00 00 00 00 00 00 00 9e 00 00 00 00 00 00 00 2a 00 00 00 00 00 00 00 95 00 00 00 00 00 00 00 b4 00 00 00 00 00 00 00 1a 00 00 00 00 00 00 00 9e 00 00 00 00 00 00 00 71 00 00 00 00 00 00 00 ee 00 00 00 00 00 00 00 63 00 00 00 00 00 00 00 50 00 00 00 00 00 00 00 b4 00 00 00 00 00 00 00 de 00 00 00 00 00 00 00 16 00 00 00 00 00 00 00 1b 00 00 00 00 00 00 00 2b 00 00 00 00 00 00 00 57 00 00 00 00 00 00 00 83 00 00 00 00 00 00 00 91 00 00 00 00 00 00 00 67 00 00 00 00 00 00 00 e1 00 00 00 00 00 00 00 aa 00 00 00 00 00 00 00 2a 00 00 00 00 00 00 00 55 00 00 00 00 00 00 00 32 00 00 00 00 00 00 00 32 00 00 00 00 00 00 00 d8 00 00 00 00 00 00 00 ee 00 00 00 00 00 00 00 6e 00 00 00 00 00 00 00 3e 00 00 00 00 00 00 00 d5 00 00 00 00 00 00 00 25 00 00 00 00 00 00 00 23 00 00 00 00 00 00 00 47 00 00 00 00 00 00 00 5d 00 00 00 00 00 00 00 56 00 00 00 00 00 00 00 47 00 00 00 00 00 00 00 39 00 00 00 00 00 00 00 a0 00 00 00 00 00 00 00 89 00 00 00 00 00 00 00 a8 00 00 00 00 00 00 00 ef 00 00 00 00 00 00 00 ef 00 00 00 00 00 00 00 20 00 00 00 00 00 00 00 ca 00 00 00 00 00 00 00 6a 00 00 00 00 00 00 00 d1 00 00 00 00 00 00 00 ab 00 00 00 00 00 00 00 0e 00 00 00 00 00 00 00 e2 00 00 00 00 00 00 00 ed 00 00 00 00 00 00 00 ff 00 00 00 00 00 00 00 0f 00 00 00 00 00 00 00 24 00 00 00 00 00 00 00 a1 00 00 00 00 00 00 00 89 00 00 00 00 00 00 00 18 00 00 00 00 00 00 00 e1 00 00 00 00 00 00 00 3c 00 00 00 00 00 00 00 0d 00 00 00 00 00 00 00 dc 00 00 00 00 00 00 00 96 00 00 00 00 00 00 00 06 00 00 00 00 00 00 00 2c 00 00 00 00 00 00 00 e1 00 00 00 00 00 00 00
c4 00 00 00 00 00 00 00 dd 00 00 00 00 00 00 00 f0 00 00 00 00 00 00 00 4c 00 00 00 00 00 00 00 89 00 00 00 00 00 00 00 5e 00 00 00 00 00 00 00 02 00 00 00 00 00 00 00 3c 00 00 00 00 00 00 00 10 00 00 00 00 00 00 00 1e 00 00 00 00 00 00 00 6a 00 00 00 00 00 00 00 ea 00 00 00 00 00 00 00 d8 00 00 00 00 00 00 00 a4 00 00 00 00 00 00 00 3c 00 00 00 00 00 00 00 20 00 00 00 00 00 00 00 ab 00 00 00 00 00 00 00 bc 00 00 00 00 00 00 00 67 00 00 00 00 00 00 00 22 00 00 00 00 00 00 00 43 00 00 00 00 00 00 00 fc 00 00 00 00 00 00 00 b4 00 00 00 00 00 00 00 90 00 00 00 00 00 00 00 4e 00 00 00 00 00 00 00 dc 00 00 00 00 00 00 00 5f 00 00 00 00 00 00 00 72 00 00 00 00 00 00 00 c3 00 00 00 00 00 00 00 6a 00 00 00 00 00 00 00 7e 00 00 00 00 00 00 00 07 00 00 00 00 00 00 00 c8 00 00 00 00 00 00 00 48 00 00 00 00 00 00 00 84 00 00 00 00 00 00 00 8c 00 00 00 00 00 00 00 28 00 00 00 00 00 00 00 3d 00 00 00 00 00 00 00 71 00 00 00 00 00 00 00 19 00 00 00 00 00 00 00 df 00 00 00 00 00 00 00 58 00 00 00 00 00 00 00 90 00 00 00 00 00 00 00 25 00 00 00 00 00 00 00 f6 00 00 00 00 00 00 00 78 00 00 00 00 00 00 00 00 00 00 00 00 00 00 00 58 00 00 00 00 00 00 00 57 00 00 00 00 00 00 00 3c 00 00 00 00 00 00 00 c4 00 00 00 00 00 00 00 fb 00 00 00 00 00 00 00 af 00 00 00 00 00 00 00 2f 00 00 00 00 00 00 00 8f 00 00 00 00 00 00 00 76 00 00 00 00 00 00 00 a9 00 00 00 00 00 00 00 d6 00 00 00 00 00 00 00 e0 00 00 00 00 00 00 00 ce 00 00 00 00 00 00 00 ae 00 00 00 00 00 00 00 74 00 00 00 00 00 00 00 8c 00 00 00 00 00 00 00 2d 00 00 00 00 00 00 00 8f 00 00 00 00 00 00 00 83 00 00 00 00 00 00 00 aa 00 00 00 00 00 00 00 77 00 00 00 00 00 00 00 52 00 00 00 00 00 00 00 82 00 00 00 00 00 00 00 ab 00 00 00 00 00 00 00 31 00 00 00 00 00 00 00 9d 00 00 00 00 00 00 00 59 00 00 00 00 00 00 00 c9 00 00 00 00 00 00 00 97 00 00 00 00 00 00 00 7a 00 00 00 00 00 00 00 09 00 00 00 00 00 00 00 06 00 00 00 00 00 00 00 3d 00 00 00 00 00 00 00 89 00 00 00 00 00 00 00 79 00 00 00 00 00 00 00 db 00 00 00 00 00 00 00 20 00 00 00 00 00 00 00 a3 00 00 00 00 00 00 00 64 00 00 00 00 00 00 00 a4 00 00 00 00 00 00 00 17 00 00 00 00 00 00 00 64 00 00 00 00 00 00 00 23 00 00 00 00 00 00 00 5b 00 00 00 00 00 00 00 31 00 00 00 00 00 00 00 b8 00 00 00 00 00 00 00 ad 00 00 00 00 00 00 00 13 00 00 00 00 00 00 00 4c 00 00 00 00 00 00 00 dd 00 00 00 00 00 00 00 e6 00 00 00 00 00 00 00 e0 00 00 00 00 00 00 00 1d 00 00 00 00 00 00 00 f6 00 00 00 00 00 00 00 6a 00 00 00 00 00 00 00 22 00 00 00 00 00 00 00 b6 00 00 00 00 00 00 00 1d 00 00 00 00 00 00 00 09 00 00 00 00 00 00 00 e4 00 00 00 00 00 00 00 1d 00 00 00 00 00 00 00 66 00 00 00 00 00 00 00 e0 00 00 00 00 00 00 00 45 00 00 00 00 00 00 00 47 00 00 00 00 00 00 00 61 00 00 00 00 00 00 00 c3 00 00 00 00 00 00 00 a8 00 00 00 00 00 00 00 4d 00 00 00 00 00 00 00 29 00 00 00 00 00 00 00 6e 00 00 00 00 00 00 00 7c 00 00 00 00 00 00 00 6b 00 00 00 00 00 00 00 a8 00 00 00 00 00 00 00 1a 00 00 00 00 00 00 00 b8 00 00 00 00 00 00 00 8a 00 00 00 00 00 00 00 03 00 00 00 00 00 00 00 ab 00 00 00 00 00 00 00 cf 00 00 00 00 00 00 00 5c 00 00 00 00 00 00 00 6f 00 00 00 00 00 00 00 94 00 00 00 00 00 00 00 6f 00 00 00 00 00 00 00 84 00 00 00 00 00 00 00 8f 00 00 00 00 00 00 00 98 00 00 00 00 00 00 00 47 00 00 00 00 00 00 00 1b 00 00 00 00 00 00 00 e3 00 00 00 00 00 00 00 74 00 00 00 00 00 00 00 36 00 00 00 00 00 00 00 ff 00 00 00 00 00 00 00 8a 00 00 00 00 00 00 00 53 00 00 00 00 00 00 00 2b 00 00 00 00 00 00 00 02 00 00 00 00 00 00 00 9d 00 00 00 00 00 00 00 9e 00 00 00 00 00 00 00 e6 00 00 00 00 00 00 00 f9 00 00 00 00 00 00 00 e1 00 00 00 00 00 00 00 0f 00 00 00 00 00 00 00 22 00 00 00 00 00 00 00 97 00 00 00 00 00 00 00 9f 00 00 00 00 00 00 00 35 00 00 00 00 00 00 00 e4 00 00 00 00 00 00 00 f0 00 00 00 00 00 00 00 33 00 00 00 00 00 00 00 a4 00 00 00 00 00 00 00 6a 00 00 00 00 00 00 00 8e 00 00 00 00 00 00 00 b6 00 00 00 00 00 00 00 80 00 00 00 00 00 00 00 bc 00 00 00 00 00 00 00 44 00 00 00 00 00 00 00 73 00 00 00 00 00 00 00 26 00 00 00 00 00 00 00 a3 00 00 00 00 00 00 00 64 00 00 00 00 00 00 00 ab 00 00 00 00 00 00 00 f9 00 00 00 00 00 00 00 5a 00 00 00 00 00 00 00 c7 00 00 00 00 00 00 00 a6 00 00 00 00 00 00 00 bd 00 00 00 00 00 00 00 93 00 00 00 00 00 00 00 43 00 00 00 00 00 00 00 b2 00 00 00 00 00 00 00 5b 00 00 00 00 00 00 00 82 00 00 00 00 00 00 00 8b 00 00 00 00 00 00 00 56 00 00 00 00 00 00 00 7a 00 00 00 00 00 00 00 6f 00 00 00 00 00 00 00 44 00 00 00 00 00 00 00 ec 00 00 00 00 00 00 00 ed 00 00 00 00 00 00 00 30 00 00 00 00 00 00 00 57 00 00 00 00 00 00 00 25 00 00 00 00 00 00 00 2e 00 00 00 00 00 00 00 03 00 00 00 00 00 00 00 5f 00 00 00 00 00 00 00 da 00 00 00 00 00 00 00 33 00 00 00 00 00 00 00 fd 00 00 00 00 00 00 00 d8 00 00 00 00 00 00 00 3c 00 00 00 00 00 00 00 01 00 00 00 00 00 00 00 44 00 00 00 00 00 00 00 6c 00 00 00 00 00 00 00 32 00 00 00 00 00 00 00 a9 00 00 00 00 00 00 00 99 00 00 00 00 00 00 00 bd 00 00 00 00 00 00 00 7c 00 00 00 00 00 00 00 8f 00 00 00 00 00 00 00 d2 00 00 00 00 00 00 00 98 00 00 00 00 00 00 00 35 00 00 00 00 00 00 00 df 00 00 00 00 00 00 00 e0 00 00 00 00 00 00 00 8f 00 00 00 00 00 00 00 76 00 00 00 00 00 00 00 a3 00 00 00 00 00 00 00 ce 00 00 00 00 00 00 00 c6 00 00 00 00 00 00 00 cd 00 00 00 00 00 00 00 46 00 00 00 00 00 00 00 e9 00 00 00 00 00 00 00 07 00 00 00 00 00 00 00 7f 00 00 00 00 00 00 00 6c 00 00 00 00 00 00 00 9c 00 00 00 00 00 00 00 a5 00 00 00 00 00 00 00 8f 00 00 00 00 00 00 00 0f 00 00 00 00 00 00 00 30 00 00 00 00 00 00 00 86 00 00 00 00 00 00 00 80 00 00 00 00 00 00 00 34 00 00 00 00 00 00 00 ed 00 00 00 00 00 00 00 26 00 00 00 00 00 00 00 e8 00 00 00 00 00 00 00 a1 00 00 00 00 00 00 00 05 00 00 00 00 00 00 00 61 00 00 00 00 00 00 00 a9 00 00 00 00 00 00 00 2a 00 00 00 00 00 00 00 53 00 00 00 00 00 00 00 dc 00 00 00 00 00 00 00 22 00 00 00 00 00 00 00 f0 00 00 00 00 00 00 00 23 00 00 00 00 00 00 00 6e 00 00 00 00 00 00 00 cb 00 00 00 00 00 00 00 0c 00 00 00 00 00 00 00 f5 00 00 00 00 00 00 00 9d 00 00 00 00 00 00 00 85 00 00 00 00 00 00 00 b3 00 00 00 00 00 00 00 62 00 00 00 00 00 00 00 c6 00 00 00 00 00 00 00 82 00 00 00 00 00 00 00 1b 00 00 00 00 00 00 00 d4 00 00 00 00 00 00 00 da 00 00 00 00 00 00 00 bf 00 00 00 00 00 00 00 b6 00 00 00 00 00 00 00 10 00 00 00 00 00 00 00 14 00 00 00 00 00 00 00 36 00 00 00 00 00 00 00 57 00 00 00 00 00 00 00 de 00 00 00 00 00 00 00 14 00 00 00 00 00 00 00 7e 00 00 00 00 00 00 00 f5 00 00 00 00 00 00 00 a8 00 00 00 00 00 00 00 bc 00 00 00 00 00 00 00 c7 00 00 00 00 00 00 00 62 00 00 00 00 00 00 00 a2 00 00 00 00 00 00 00 1f 00 00 00 00 00 00 00 bb 00 00 00 00 00 00 00 3d 00 00 00 00 00 00 00 8b 00 00 00 00 00 00 00 b2 00 00 00 00 00 00 00 3a 00 00 00 00 00 00 00 da 00 00 00 00 00 00 00 2f 00 00 00 00 00 00 00 ae 00 00 00 00 00 00 00 fe 00 00 00 00 00 00 00 b5 00 00 00 00 00 00 00 02 00 00 00 00 00 00 00 ae 00 00 00 00 00 00 00 b0 00 00 00 00 00 00 00 28 00 00 00 00 00 00 00 e1 00 00 00 00 00 00 00 f1 00 00 00 00 00 00 00 3b 00 00 00 00 00 00 00 cb 00 00 00 00 00 00 00 0c 00 00 00 00 00 00 00 ba 00 00 00 00 00 00 00 66 00 00 00 00 00 00 00 24 00 00 00 00 00 00 00 54 00 00 00 00 00 00 00 da 00 00 00 00 00 00 00 76 00 00 00 00 00 00 00 a8 00 00 00 00 00 00 00 6d 00 00 00 00 00 00 00 2c 00 00 00 00 00 00 00 f1 00 00 00 00 00 00 00 1e 00 00 00 00 00 00 00 1e 00 00 00 00 00 00 00 6a 00 00 00 00 00 00 00 f1 00 00 00 00 00 00 00 83 00 00 00 00 00 00 00 0b 00 00 00 00 00 00 00 ec 00 00 00 00 00 00 00 f0 00 00 00 00 00 00 00 82 00 00 00 00 00 00 00 55 00 00 00 00 00 00 00 2d 00 00 00 00 00 00 00 ba 00 00 00 00 00 00 00 0d 00 00 00 00 00 00 00 00 00 00 00 00 00 00 00 f9 00 00 00 00 00 00 00 72 00 00 00 00 00 00 00 5f 00 00 00 00 00 00 00 ad 00 00 00 00 00 00 00 09 00 00 00 00 00 00 00 a0 00 00 00 00 00 00 00 4b 00 00 00 00 00 00 00 ce 00 00 00 00 00 00 00 5f 00 00 00 00 00 00 00 27 00 00 00 00 00 00 00 76 00 00 00 00 00 00 00 66 00 00 00 00 00 00 00 a1 00 00 00 00 00 00 00 9d 00 00 00 00 00 00 00 06 00 00 00 00 00 00 00 07 00 00 00 00 00 00 00 72 00 00 00 00 00 00 00 d5 00 00 00 00 00 00 00 b0 00 00 00 00 00 00 00 6a 00 00 00 00 00 00 00 af 00 00 00 00 00 00 00 3e 00 00 00 00 00 00 00 58 00 00 00 00 00 00 00 38 00 00 00 00 00 00 00 5b 00 00 00 00 00 00 00 a6 00 00 00 00 00 00 00 2a 00 00 00 00 00 00 00 0c 00 00 00 00 00 00 00 b1 00 00 00 00 00 00 00 3e 00 00 00 00 00 00 00 60 00 00 00 00 00 00 00 4d 00 00 00 00 00 00 00 42 00 00 00 00 00 00 00 42 00 00 00 00 00 00 00 3b 00 00 00 00 00 00 00 bb 00 00 00 00 00 00 00 6b 00 00 00 00 00 00 00 97 00 00 00 00 00 00 00 70 00 00 00 00 00 00 00 e7 00 00 00 00 00 00 00 97 00 00 00 00 00 00 00 b3 00 00 00 00 00 00 00 f8 00 00 00 00 00 00 00 4b 00 00 00 00 00 00 00 73 00 00 00 00 00 00 00 53 00 00 00 00 00 00 00 3b 00 00 00 00 00 00 00 1f 00 00 00 00 00 00 00 7d 00 00 00 00 00 00 00 3e 00 00 00 00 00 00 00 0b 00 00 00 00 00 00 00 9a 00 00 00 00 00 00 00 89 00 00 00 00 00 00 00 bb 00 00 00 00 00 00 00 46 00 00 00 00 00 00 00 4b 00 00 00 00 00 00 00 a5 00 00 00 00 00 00 00 58 00 00 00 00 00 00 00 2d 00 00 00 00 00 00 00 cd 00 00 00 00 00 00 00 31 00 00 00 00 00 00 00 f5 00 00 00 00 00 00 00 cf 00 00 00 00 00 00 00 15 00 00 00 00 00 00 00 c6 00 00 00 00 00 00 00 12 00 00 00 00 00 00 00 73 00 00 00 00 00 00 00 c2 00 00 00 00 00 00 00 5d 00 00 00 00 00 00 00 7e 00 00 00 00 00 00 00 11 00 00 00 00 00 00 00 6c 00 00 00 00 00 00 00 83 00 00 00 00 00 00 00 a2 00 00 00 00 00 00 00 97 00 00 00 00 00 00 00 c2 00 00 00 00 00 00 00 88 00 00 00 00 00 00 00 11 00 00 00 00 00 00 00 d9 00 00 00 00 00 00 00 f6 00 00 00 00 00 00 00 bc 00 00 00 00 00 00 00 f5 00 00 00 00 00 00 00 cc 00 00 00 00 00 00 00 6a 00 00 00 00 00 00 00 be 00 00 00 00 00 00 00 78 00 00 00 00 00 00 00 f6 00 00 00 00 00 00 00 45 00 00 00 00 00 00 00 76 00 00 00 00 00 00 00 96 00 00 00 00 00 00 00 bc 00 00 00 00 00 00 00 34 00 00 00 00 00 00 00 4a 00 00 00 00 00 00 00 88 00 00 00 00 00 00 00 de 00 00 00 00 00 00 00 e7 00 00 00 00 00 00 00 77 00 00 00 00 00 00 00 81 00 00 00 00 00 00 00 2d 00 00 00 00 00 00 00 d3 00 00 00 00 00 00 00 43 00 00 00 00 00 00 00 2d 00 00 00 00 00 00 00 aa 00 00 00 00 00 00 00 e2 00 00 00 00 00 00 00 9a 00 00 00 00 00 00 00 1f 00 00 00 00 00 00 00 cf 00 00 00 00 00 00 00 36 00 00 00 00 00 00 00 b5 00 00 00 00 00 00 00 b8 00 00 00 00 00 00 00 c8 00 00 00 00 00 00 00 4d 00 00 00 00 00 00 00 5a 00 00 00 00 00 00 00 1e 00 00 00 00 00 00 00 c8 00 00 00 00 00 00 00 16 00 00 00 00 00 00 00 0e 00 00 00 00 00 00 00 cb 00 00 00 00 00 00 00 2c 00 00 00 00 00 00 00 05 00 00 00 00 00 00 00 53 00 00 00 00 00 00 00 0e 00 00 00 00 00 00 00 f1 00 00 00 00 00 00 00 f2 00 00 00 00 00 00 00 fe 00 00 00 00 00 00 00 c8 00 00 00 00 00 00 00 a4 00 00 00 00 00 00 00 5e 00 00 00 00 00 00 00 a4 00 00 00 00 00 00 00 31 00 00 00 00 00 00 00 11 00 00 00 00 00 00 00 dd 00 00 00 00 00 00 00 f1 00 00 00 00 00 00 00 c9 00 00 00 00 00 00 00 2b 00 00 00 00 00 00 00 ab 00 00 00 00 00 00 00 eb 00 00 00 00 00 00 00 87 00 00 00 00 00 00 00 01 00 00 00 00 00 00 00 86 00 00 00 00 00 00 00 fc 00 00 00 00 00 00 00 fa 00 00 00 00 00 00 00 c9 00 00 00 00 00 00 00 85 00 00 00 00 00 00 00 29 00 00 00 00 00 00 00 15 00 00 00 00 00 00 00 72 00 00 00 00 00 00 00 13 00 00 00 00 00 00 00 f8 00 00 00 00 00 00 00 98 00 00 00 00 00 00 00 fc 00 00 00 00 00 00 00 bb 00 00 00 00 00 00 00 74 00 00 00 00 00 00 00 a0 00 00 00 00 00 00 00 41 00 00 00 00 00 00 00 be 00 00 00 00 00 00 00 63 00 00 00 00 00 00 00 4b 00 00 00 00 00 00 00 95 00 00 00 00 00 00 00 5f 00 00 00 00 00 00 00 78 00 00 00 00 00 00 00 43 00 00 00 00 00 00 00 87 00 00 00 00 00 00 00 5f 00 00 00 00 00 00 00 2b 00 00 00 00 00 00 00 44 00 00 00 00 00 00 00 32 00 00 00 00 00 00 00 d5 00 00 00 00 00 00 00 3c 00 00 00 00 00 00 00 25 00 00 00 00 00 00 00 5f 00 00 00 00 00 00 00 35 00 00 00 00 00 00 00 bd 00 00 00 00 00 00 00 b6 00 00 00 00 00 00 00 60 00 00 00 00 00 00 00 65 00 00 00 00 00 00 00 5c 00 00 00 00 00 00 00 57 00 00 00 00 00 00 00 09 00 00 00 00 00 00 00 f9 00 00 00 00 00 00 00 a5 00 00 00 00 00 00 00 e4 00 00 00 00 00 00 00 ea 00 00 00 00 00 00 00 38 00 00 00 00 00 00 00 3b 00 00 00 00 00 00 00 27 00 00 00 00 00 00 00 43 00 00 00 00 00 00 00 7e 00 00 00 00 00 00 00 d5 00 00 00 00 00 00 00 92 00 00 00 00 00 00 00 6d 00 00 00 00 00 00 00 58 00 00 00 00 00 00 00 d2 00 00 00 00 00 00 00 97 00 00 00 00 00 00 00 6f 00 00 00 00 00 00 00 ad 00 00 00 00 00 00 00 fd 00 00 00 00 00 00 00 d0 00 00 00 00 00 00 00 6d 00 00 00 00 00 00 00 3d 00 00 00 00 00 00 00 4f 00 00 00 00 00 00 00 a5 00 00 00 00 00 00 00 d2 00 00 00 00 00 00 00 0e 00 00 00 00 00 00 00 dc 00 00 00 00 00 00 00 10 00 00 00 00 00 00 00 95 00 00 00 00 00 00 00 0e 00 00 00 00 00 00 00 1d 00 00 00 00 00 00 00 1d 00 00 00 00 00 00 00 02 00 00 00 00 00 00 00 c8 00 00 00 00 00 00 00 6e 00 00 00 00 00 00 00 5e 00 00 00 00 00 00 00 b5 00 00 00 00 00 00 00 7e 00 00 00 00 00 00 00 61 00 00 00 00 00 00 00 73 00 00 00 00 00 00 00 6f 00 00 00 00 00 00 00 35 00 00 00 00 00 00 00 b9 00 00 00 00 00 00 00 0b 00 00 00 00 00 00 00 03 00 00 00 00 00 00 00 2e 00 00 00 00 00 00 00 bc 00 00 00 00 00 00 00 db 00 00 00 00 00 00 00 c5 00 00 00 00 00 00 00 56 00 00 00 00 00 00 00 95 00 00 00 00 00 00 00 6b 00 00 00 00 00 00 00 1d 00 00 00 00 00 00 00 43 00 00 00 00 00 00 00 2a 00 00 00 00 00 00 00 bd 00 00 00 00 00 00 00 d1 00 00 00 00 00 00 00 b3 00 00 00 00 00 00 00 fe 00 00 00 00 00 00 00 62 00 00 00 00 00 00 00 28 00 00 00 00 00 00 00 81 00 00 00 00 00 00 00 94 00 00 00 00 00 00 00 65 00 00 00 00 00 00 00 a6 00 00 00 00 00 00 00 92 00 00 00 00 00 00 00 a4 00 00 00 00 00 00 00 97 00 00 00 00 00 00 00 d2 00 00 00 00 00 00 00 93 00 00 00 00 00 00 00 c5 00 00 00 00 00 00 00 e6 00 00 00 00 00 00 00 de 00 00 00 00 00 00 00 f3 00 00 00 00 00 00 00 7b 00 00 00 00 00 00 00 0d 00 00 00 00 00 00 00 b4 00 00 00 00 00 00 00 61 00 00 00 00 00 00 00 58 00 00 00 00 00 00 00 0a 00 00 00 00 00 00 00 0e 00 00 00 00 00 00 00 5f 00 00 00 00 00 00 00 1a 00 00 00 00 00 00 00 cd 00 00 00 00 00 00 00 02 00 00 00 00 00 00 00 ad 00 00 00 00 00 00 00 84 00 00 00 00 00 00 00 91 00 00 00 00 00 00 00 83 00 00 00 00 00 00 00 16 00 00 00 00 00 00 00 09 00 00 00 00 00 00 00 cf 00 00 00 00 00 00 00 ee 00 00 00 00 00 00 00 9c 00 00 00 00 00 00 00 1e 00 00 00 00 00 00 00 4d 00 00 00 00 00 00 00 96 00 00 00 00 00 00 00 c9 00 00 00 00 00 00 00 15 00 00 00 00 00 00 00 09 00 00 00 00 00 00 00 c1 00 00 00 00 00 00 00 30 00 00 00 00 00 00 00 76 00 00 00 00 00 00 00 ca 00 00 00 00 00 00 00 f9 00 00 00 00 00 00 00 0b 00 00 00 00 00 00 00 dd 00 00 00 00 00 00 00 21 00 00 00 00 00 00 00 06 00 00 00 00 00 00 00 80 00 00 00 00 00 00 00 13 00 00 00 00 00 00 00 b5 00 00 00 00 00 00 00 5c 00 00 00 00 00 00 00 96 00 00 00 00 00 00 00 c2 00 00 00 00 00 00 00 09 00 00 00 00 00 00 00 d3 00 00 00 00 00 00 00 46 00 00 00 00 00 00 00 1f 00 00 00 00 00 00 00 b4 00 00 00 00 00 00 00 8a 00 00 00 00 00 00 00 59 00 00 00 00 00 00 00 21 00 00 00 00 00 00 00 31 00 00 00 00 00 00 00 77 00 00 00 00 00 00 00 00 00 00 00 00 00 00 00 b1 00 00 00 00 00 00 00 43 00 00 00 00 00 00 00 42 00 00 00 00 00 00 00 ee 00 00 00 00 00 00 00 50 00 00 00 00 00 00 00 0c 00 00 00 00 00 00 00 a5 00 00 00 00 00 00 00 8d 00 00 00 00 00 00 00 fd 00 00 00 00 00 00 00 e8 00 00 00 00 00 00 00 0a 00 00 00 00 00 00 00 b3 00 00 00 00 00 00 00 29 00 00 00 00 00 00 00 47 00 00 00 00 00 00 00 6e 00 00 00 00 00 00 00 a6 00 00 00 00 00 00 00 62 00 00 00 00 00 00 00 1e 00 00 00 00 00 00 00 30 00 00 00 00 00 00 00 7f 00 00 00 00 00 00 00 70 00 00 00 00 00 00 00 43 00 00 00 00 00 00 00 b9 00 00 00 00 00 00 00 e0 00 00 00 00 00 00 00 60 00 00 00 00 00 00 00 dd 00 00 00 00 00 00 00 c7 00 00 00 00 00 00 00 c3 00 00 00 00 00 00 00 1b 00 00 00 00 00 00 00 60 00 00 00 00 00 00 00 dd 00 00 00 00 00 00 00 cc 00 00 00 00 00 00 00 4c 00 00 00 00 00 00 00 fa 00 00 00 00 00 00 00 4d 00 00 00 00 00 00 00 5e 00 00 00 00 00 00 00 b6 00 00 00 00 00 00 00 86 00 00 00 00 00 00 00 8b 00 00 00 00 00 00 00 29 00 00 00 00 00 00 00 2d 00 00 00 00 00 00 00 1b 00 00 00 00 00 00 00 d8 00 00 00 00 00 00 00 b8 00 00 00 00 00 00 00 69 00 00 00 00 00 00 00 0f 00 00 00 00 00 00 00 d5 00 00 00 00 00 00 00 99 00 00 00 00 00 00 00 08 00 00 00 00 00 00 00 1d 00 00 00 00 00 00 00 47 00 00 00 00 00 00 00 ab 00 00 00 00 00 00 00 b3 00 00 00 00 00 00 00 c0 00 00 00 00 00 00 00 11 00 00 00 00 00 00 00 f0 00 00 00 00 00 00 00 2e 00 00 00 00 00 00 00 63 00 00 00 00 00 00 00 6c 00 00 00 00 00 00 00 63 00 00 00 00 00 00 00 4e 00 00 00 00 00 00 00 66 00 00 00 00 00 00 00 8a 00 00 00 00 00 00 00 b4 00 00 00 00 00 00 00 d5 00 00 00 00 00 00 00 c9 00 00 00 00 00 00 00 7c 00 00 00 00 00 00 00 1d 00 00 00 00 00 00 00 45 00 00 00 00 00 00 00 53 00 00 00 00 00 00 00 96 00 00 00 00 00 00 00 0e 00 00 00 00 00 00 00 9f 00 00 00 00 00 00 00 3c 00 00 00 00 00 00 00 62 00 00 00 00 00 00 00 bb 00 00 00 00 00 00 00 eb 00 00 00 00 00 00 00 ef 00 00 00 00 00 00 00 35 00 00 00 00 00 00 00 fa 00 00 00 00 00 00 00 82 00 00 00 00 00 00 00 11 00 00 00 00 00 00 00 b5 00 00 00 00 00 00 00 66 00 00 00 00 00 00 00 a7 00 00 00 00 00 00 00 df 00 00 00 00 00 00 00 3d 00 00 00 00 00 00 00 81 00 00 00 00 00 00 00 e0 00 00 00 00 00 00 00 59 00 00 00 00 00 00 00 18 00 00 00 00 00 00 00 c8 00 00 00 00 00 00 00 89 00 00 00 00 00 00 00 dd 00 00 00 00 00 00 00 7d 00 00 00 00 00 00 00 25 00 00 00 00 00 00 00 ad 00 00 00 00 00 00 00 84 00 00 00 00 00 00 00 ba 00 00 00 00 00 00 00 25 00 00 00 00 00 00 00 3c 00 00 00 00 00 00 00 2e 00 00 00 00 00 00 00 e5 00 00 00 00 00 00 00 87 00 00 00 00 00 00 00 53 00 00 00 00 00 00 00 40 00 00 00 00 00 00 00 6d 00 00 00 00 00 00 00 ce 00 00 00 00 00 00 00 99 00 00 00 00 00 00 00 5d 00 00 00 00 00 00 00 74 00 00 00 00 00 00 00 2e 00 00 00 00 00 00 00 6d 00 00 00 00 00 00 00 a1 00 00 00 00 00 00 00 7b 00 00 00 00 00 00 00 43 00 00 00 00 00 00 00 21 00 00 00 00 00 00 00 10 00 00 00 00 00 00 00 04 00 00 00 00 00 00 00 ff 00 00 00 00 00 00 00 f9 00 00 00 00 00 00 00 2f 00 00 00 00 00 00 00 ea 00 00 00 00 00 00 00 21 00 00 00 00 00 00 00 56 00 00 00 00 00 00 00 7b 00 00 00 00 00 00 00 b1 00 00 00 00 00 00 00 01 00 00 00 00 00 00 00 5c 00 00 00 00 00 00 00 ca 00 00 00 00 00 00 00 b1 00 00 00 00 00 00 00 13 00 00 00 00 00 00 00 95 00 00 00 00 00 00 00 0a 00 00 00 00 00 00 00 98 00 00 00 00 00 00 00 f7 00 00 00 00 00 00 00 3e 00 00 00 00 00 00 00 84 00 00 00 00 00 00 00 1a 00 00 00 00 00 00 00 ed 00 00 00 00 00 00 00 70 00 00 00 00 00 00 00 e5 00 00 00 00 00 00 00 cb 00 00 00 00 00 00 00 bb 00 00 00 00 00 00 00 96 00 00 00 00 00 00 00 07 00 00 00 00 00 00 00 a8 00 00 00 00 00 00 00 a4 00 00 00 00 00 00 00 e1 00 00 00 00 00 00 00 10 00 00 00 00 00 00 00 7e 00 00 00 00 00 00 00 02 00 00 00 00 00 00 00 2e 00 00 00 00 00 00 00 d8 00 00 00 00 00 00 00 9b 00 00 00 00 00 00 00 4e 00 00 00 00 00 00 00 9c 00 00 00 00 00 00 00 bf 00 00 00 00 00 00 00 82 00 00 00 00 00 00 00 87 00 00 00 00 00 00 00 e5 00 00 00 00 00 00 00 c8 00 00 00 00 00 00 00 ce 00 00 00 00 00 00 00 a3 00 00 00 00 00 00 00 df 00 00 00 00 00 00 00 f9 00 00 00 00 00 00 00 dc 00 00 00 00 00 00 00 79 00 00 00 00 00 00 00 7a 00 00 00 00 00 00 00 da 00 00 00 00 00 00 00 26 00 00 00 00 00 00 00 d2 00 00 00 00 00 00 00 37 00 00 00 00 00 00 00 96 00 00 00 00 00 00 00 df 00 00 00 00 00 00 00 81 00 00 00 00 00 00 00 29 00 00 00 00 00 00 00 6e 00 00 00 00 00 00 00 ab 00 00 00 00 00 00 00 a5 00 00 00 00 00 00 00 07 00 00 00 00 00 00 00 32 00 00 00 00 00 00 00 e5 00 00 00 00 00 00 00 70 00 00 00 00 00 00 00 60 00 00 00 00 00 00 00 a5 00 00 00 00 00 00 00 cd 00 00 00 00 00 00 00 4e 00 00 00 00 00 00 00 77 00 00 00 00 00 00 00 37 00 00 00 00 00 00 00 1f 00 00 00 00 00 00 00 1b 00 00 00 00 00 00 00 76 00 00 00 00 00 00 00 cd 00 00 00 00 00 00 00 1e 00 00 00 00 00 00 00 e0 00 00 00 00 00 00 00 09 00 00 00 00 00 00 00 d5 00 00 00 00 00 00 00 4a 00 00 00 00 00 00 00 b4 00 00 00 00 00 00 00 66 00 00 00 00 00 00 00 9a 00 00 00 00 00 00 00 17 00 00 00 00 00 00 00 0e 00 00 00 00 00 00 00 19 00 00 00 00 00 00 00 e1 00 00 00 00 00 00 00 07 00 00 00 00 00 00 00 79 00 00 00 00 00 00 00 7c 00 00 00 00 00 00 00 af 00 00 00 00 00 00 00 32 00 00 00 00 00 00 00 1e 00 00 00 00 00 00 00 03 00 00 00 00 00 00 00 be 00 00 00 00 00 00 00 58 00 00 00 00 00 00 00 25 00 00 00 00 00 00 00 26 00 00 00 00 00 00 00 f5 00 00 00 00 00 00 00 23 00 00 00 00 00 00 00 b5 00 00 00 00 00 00 00 8e 00 00 00 00 00 00 00 87 00 00 00 00 00 00 00 32 00 00 00 00 00 00 00 a7 00 00 00 00 00 00 00 10 00 00 00 00 00 00 00 3a 00 00 00 00 00 00 00 2b 00 00 00 00 00 00 00 7f 00 00 00 00 00 00 00 27 00 00 00 00 00 00 00 16 00 00 00 00 00 00 00 6e 00 00 00 00 00 00 00 47 00 00 00 00 00 00 00 6b 00 00 00 00 00 00 00 49 00 00 00 00 00 00 00 43 00 00 00 00 00 00 00 2a 00 00 00 00 00 00 00 6d 00 00 00 00 00 00 00 6a 00 00 00 00 00 00 00 80 00 00 00 00 00 00 00 10 00 00 00 00 00 00 00 80 00 00 00 00 00 00 00 06 00 00 00 00 00 00 00 1a 00 00 00 00 00 00 00 55 00 00 00 00 00 00 00 bd 00 00 00 00 00 00 00 fd 00 00 00 00 00 00 00 19 00 00 00 00 00 00 00 ba 00 00 00 00 00 00 00 da 00 00 00 00 00 00 00 6d 00 00 00 00 00 00 00 f1 00 00 00 00 00 00 00 33 00 00 00 00 00 00 00 10 00 00 00 00 00 00 00 1f 00 00 00 00 00 00 00 2a 00 00 00 00 00 00 00 6a 00 00 00 00 00 00 00 fe 00 00 00 00 00 00 00 a7 00 00 00 00 00 00 00 6b 00 00 00 00 00 00 00 d3 00 00 00 00 00 00 00 4d 00 00 00 00 00 00 00 76 00 00 00 00 00 00 00 f2 00 00 00 00 00 00 00 da 00 00 00 00 00 00 00 99 00 00 00 00 00 00 00 cf 00 00 00 00 00 00 00 76 00 00 00 00 00 00 00 d9 00 00 00 00 00 00 00 98 00 00 00 00 00 00 00 54 00 00 00 00 00 00 00 0c 00 00 00 00 00 00 00 77 00 00 00 00 00 00 00 ce 00 00 00 00 00 00 00 29 00 00 00 00 00 00 00 65 00 00 00 00 00 00 00 95 00 00 00 00 00 00 00 b6 00 00 00 00 00 00 00 0a 00 00 00 00 00 00 00 49 00 00 00 00 00 00 00 78 00 00 00 00 00 00 00 91 00 00 00 00 00 00 00 29 00 00 00 00 00 00 00 7b 00 00 00 00 00 00 00 7a 00 00 00 00 00 00 00 9a 00 00 00 00 00 00 00 2e 00 00 00 00 00 00 00 a3 00 00 00 00 00 00 00 00 00 00 00 00 00 00 00 ca 00 00 00 00 00 00 00 6b 00 00 00 00 00 00 00 05 00 00 00 00 00 00 00 6d 00 00 00 00 00 00 00 28 00 00 00 00 00 00 00 8a 00 00 00 00 00 00 00 77 00 00 00 00 00 00 00 1f 00 00 00 00 00 00 00 57 00 00 00 00 00 00 00 7f 00 00 00 00 00 00 00 68 00 00 00 00 00 00 00 4c 00 00 00 00 00 00 00 85 00 00 00 00 00 00 00 14 00 00 00 00 00 00 00 14 00 00 00 00 00 00 00 69 00 00 00 00 00 00 00 45 00 00 00 00 00 00 00 aa 00 00 00 00 00 00 00 2a 00 00 00 00 00 00 00 4d 00 00 00 00 00 00 00 08 00 00 00 00 00 00 00 b6 00 00 00 00 00 00 00 f7 00 00 00 00 00 00 00 c9 00 00 00 00 00 00 00 2d 00 00 00 00 00 00 00 03 00 00 00 00 00 00 00 b7 00 00 00 00 00 00 00 37 00 00 00 00 00 00 00 89 00 00 00 00 00 00 00 48 00 00 00 00 00 00 00 ab 00 00 00 00 00 00 00 97 00 00 00 00 00 00 00 59 00 00 00 00 00 00 00 7c 00 00 00 00 00 00 00 0a 00 00 00 00 00 00 00 91 00 00 00 00 00 00 00 4c 00 00 00 00 00 00 00 12 00 00 00 00 00 00 00 6c 00 00 00 00 00 00 00 49 00 00 00 00 00 00 00 f0 00 00 00 00 00 00 00 29 00 00 00 00 00 00 00 6c 00 00 00 00 00 00 00 be 00 00 00 00 00 00 00 48 00 00 00 00 00 00 00 ae 00 00 00 00 00 00 00 52 00 00 00 00 00 00 00 4e 00 00 00 00 00 00 00 61 00 00 00 00 00 00 00 e0 00 00 00 00 00 00 00 5d 00 00 00 00 00 00 00 22 00 00 00 00 00 00 00 13 00 00 00 00 00 00 00 04 00 00 00 00 00 00 00 7a 00 00 00 00 00 00 00 5f 00 00 00 00 00 00 00 6e 00 00 00 00 00 00 00 ab 00 00 00 00 00 00 00 78 00 00 00 00 00 00 00 f2 00 00 00 00 00 00 00 ae 00 00 00 00 00 00 00 82 00 00 00 00 00 00 00 4d 00 00 00 00 00 00 00 22 00 00 00 00 00 00 00 7b 00 00 00 00 00 00 00 98 00 00 00 00 00 00 00 1f 00 00 00 00 00 00 00 04 00 00 00 00 00 00 00 0a 00 00 00 00 00 00 00 d1 00 00 00 00 00 00 00 35 00 00 00 00 00 00 00 52 00 00 00 00 00 00 00 97 00 00 00 00 00 00 00 1a 00 00 00 00 00 00 00 c9 00 00 00 00 00 00 00 26 00 00 00 00 00 00 00 26 00 00 00 00 00 00 00 d4 00 00 00 00 00 00 00 37 00 00 00 00 00 00 00 e8 00 00 00 00 00 00 00 db 00 00 00 00 00 00 00 2f 00 00 00 00 00 00 00 2d 00 00 00 00 00 00 00 ff 00 00 00 00 00 00 00 34 00 00 00 00 00 00 00 dc 00 00 00 00 00 00 00 f3 00 00 00 00 00 00 00 54 00 00 00 00 00 00 00 3f 00 00 00 00 00 00 00 0d 00 00 00 00 00 00 00 84 00 00 00 00 00 00 00 26 00 00 00 00 00 00 00 80 00 00 00 00 00 00 00
