2.30169201 1.37123036
0.726209402 -0.3598243
0.574937284 1.12667572
0.623900592 0.955051363
1.35975552 -0.349084198
-2.69075656 3.11352134
-0.367863327 -0.618431926
0.535937011 0.124235757
1.59567654 -0.784230053
0.314289451 -0.347933352
-1.16859639 -2.05965638
-0.460470557 0.271199316
-0.137219295 0.0392245427
-0.610836089 -0.153308243
0.548262239 -1.40123093
-0.0181817487 -1.28735495
-1.53228176 1.04553223
-0.452736884 -0.51268971
1.31049252 -0.367662191
-0.365304947 0.515447497
-0.44888559 -1.99696565
-0.608170033 1.69720924
0.738342464 -0.695167243
-0.466761827 0.33370012
-0.442519814 -0.791395068
-0.491112441 0.57638371
-1.22321463 0.285991549
1.01076436 0.166218445
0.805547416 0.355563819
-1.56714702 -1.76612473
0.0192139149 -0.989838123
-0.295729905 -0.353898108
-0.875588238 -1.44787526
1.25078785 1.35127211
0.0360308401 0.703067422
0.635593057 1.13265932
0.900831223 -0.151172265
-0.412967235 -0.249562934
-0.234056488 -0.663450956
0.11346218 1.02530575
-0.425991952 -0.593071282
-2.32699203 -2.77517867
-2.62102008 -0.306423396
0.92841661 0.8376261
0.600696206 0.564293981
-0.516605914 -0.534780443
-0.86540395 0.501383424
-0.939513922 1.02123785
-0.826585054 -0.784041107
-0.827299356 -0.58784914
0.552408576 1.00667417
0.840429544 -0.138757184
0.268336207 -0.493893802
0.722096682 0.839384079
-0.937315285 -0.494311422
0.533920407 -1.12603128
0.886156797 0.27749157
0.946935773 0.508757174
-0.425590813 -0.744632006
0.789778352 -0.830302536
-0.602176845 0.543022454
-0.193365648 -1.09730184
1.36803985 0.833758593
0.858130038 -0.472759664
-0.801445186 -0.709580481
-0.675827861 -0.59611696
0.184479848 1.1383816
-0.596435905 1.01759219
-0.847955704 -0.861252069
-0.732247412 0.632449448
-0.854407489 0.702347338
0.435905278 0.835950017
0.473701477 -0.84665823
-0.63779968 -0.341005653
-0.417438358 -0.582056582
0.881444693 -0.52083385
-1.07156301 -0.734005749
0.883202195 0.793858767
0.811161995 -0.691130757
-0.542120755 -0.604589701
0.929113209 1.4643321
-0.76745522 0.48317343
0.54382211 0.629181445
-0.317142725 0.708150983
-0.881819844 -0.810341358
-1.02562618 -0.689788222
-0.640597701 -0.576864541
0.343416214 -0.4657543
-0.870689809 -0.611108124
0.731837153 -0.448892087
-0.48218888 -0.740515172
-0.572736979 0.590311706
0.668945849 -0.832869649
0.875762224 -0.933186948
0.786603749 0.920850575
-0.6340518 -1.11697686
0.452463567 -0.757381737
-0.963674545 0.662603736
0.612388194 -0.942768872
-1.03674459 -0.261363715
-0.661645651 -0.853978932
1.27111685 0.629557312
0.691774607 0.733331144
0.726278961 0.566282153
0.679256856 0.482226551
-0.727334082 0.889266074
0.534430742 -1.1488812
-0.116552576 -0.569468558
0.554128468 0.443867475
-0.215199307 -0.64844501
-0.811940491 -0.836110115
0.37450704 -0.538304985
-0.482900172 -0.32526353
1.085307 1.53927636
0.557601392 1.40411806
-0.0393556282 -0.580626249
0.0124824401 0.97470665
2.46659493 -2.80743861
-0.611223221 -0.592561126
-0.563406885 0.420499265
0.342130274 0.818811476
-0.375251055 1.01907599
-0.102076575 -0.485055238
0.171344697 0.792808175
-0.146218121 1.0832746
0.141701698 0.559884906
0.520430326 0.805575311
-0.185670644 0.359817952
-1.40164876 0.0542051308
0.490135014 0.695015132
-0.215343297 -0.678599596
0.599399328 1.00429487
-0.814298749 0.504760444
1.41897261 -5.59395218
-0.998528302 0.168947324
-0.832946122 -0.855827749
0.658390939 -0.592521966
-1.11772335 0.458031118
-0.411551923 -0.945438683
-1.94537783 0.638128817
0.785134912 -0.270373642
-0.864976525 -0.494029343
-1.0324527 0.149048358
-0.560291946 0.611684859
0.421411395 1.31479478
0.44702059 -0.815761566
-0.275181651 -2.15442777
0.263460517 0.979371965
-0.593283296 -0.708339572
-0.378661007 1.21500659
1.13312197 1.09994221
0.356732488 0.993480742
0.8278023 -0.638201416
-0.347203374 -0.597620904
0.493717641 -0.759964824
-0.830527842 -0.648490846
0.579235792 1.27496099
-0.362899512 -0.822771192
0.652244747 0.462476611
-0.3250857 0.518296361
0.297352493 -0.575483084
-0.835831881 -0.499920487
0.670310736 -0.496794045
0.951809824 0.677125931
-1.39152789 0.892276883
1.08442008 0.98126632
-1.34940255 0.742050231
0.908093691 -0.436449885
1.27613342 0.186485469
-0.689715326 0.254811704
0.280867487 0.663937032
-0.832701504 1.6245203
-0.651893258 -0.485665262
-1.14495409 0.822007537
-0.460159212 -0.391311705
-0.704168439 0.348722935
-1.41643512 -1.12629044
-0.557594299 -0.721250832
-0.631372154 -0.758781791
0.686076105 0.939066947
0.898194611 0.396107525
-0.834074378 -0.151588991
1.39741731 0.727181375
-1.08771098 0.642697632
-0.379661143 0.428958446
-0.318913102 0.821811378
0.338085443 -1.01645696
-1.47038186 -0.708312929
-1.13838947 0.991665542
-0.686033905 -0.570352733
0.581998944 -1.10034537
0.90355128 -0.533958912
-0.849106312 0.664165139
0.785027444 0.35311681
-1.38561583 -0.055818323
0.900278687 0.895794511
-0.59651196 0.319480598
0.00802109297 1.29437101
0.255411625 -0.47636801
0.0364025198 -0.424330205
0.857350647 1.52820921
0.488245875 -1.17390621
-0.833571136 -0.724178731
-1.09097958 0.86887455
0.182779402 -0.937315345
0.315691859 0.477979779
-1.31018078 -0.349185944
0.322681308 -0.888128817
0.944896996 0.122218251
1.3946774 0.318991572
-0.884768307 -0.824122787
-0.274637312 -1.7483809
-0.554628968 0.175691932
-0.991677225 0.482564181
0.321737796 -0.547953069
-0.103601217 -0.810105145
