0.27993077 0.15415895
-0.442964286 0.179460466
-0.346172661 -0.560529232
-0.476713926 -0.466052771
-0.0246247314 0.465921551
-0.442509085 0.637512386
0.00465546967 0.393667817
-0.166511029 0.163370863
0.205763713 0.844449282
-0.0184557065 0.347722799
0.232108697 -0.426627487
-0.057369709 -0.212373316
0.0124676293 -0.0983578637
0.181884974 -0.415721983
0.502906263 0.253823072
0.465356171 0.0836252645
-0.766400933 -0.653996766
0.138394818 -0.428349108
0.526673257 -0.0532983206
-0.464872152 0.214814425
0.673650682 -1.07416344
-1.07485163 -0.182117462
0.655766666 -0.18569091
-0.405804336 0.142326027
-0.287628204 -0.802732229
-0.483614713 0.205350637
-0.603572011 -0.484977335
0.899946809 0.0305313747
0.287778378 0.443520486
-0.603552103 -1.12421668
-0.162051812 -0.895936847
-0.212543026 -0.347139537
-0.730159104 -0.481082499
0.778247952 0.457166582
-0.0577236675 0.6751917
0.610399365 0.396353185
0.289390564 -0.801885724
-0.458753496 -0.140451655
-0.634319723 -0.45080778
0.668987453 0.391241819
-0.781261861 -0.186860472
-1.44795227 -0.127213061
0.242565811 1.00254571
0.992149651 -0.295933902
0.96415329 0.0807445273
-0.998227119 0.193284303
0.204346791 1.01651442
0.598811984 0.983810663
-0.527938664 0.344026685
-0.674910605 0.836397946
0.794375718 -0.535340071
-0.370932281 -0.757739305
-0.482269526 -0.585542142
0.860844016 -0.951058865
-0.818195224 1.1371001
-1.11415672 -0.039095033
0.421151698 -1.00281978
0.385185212 -1.09963691
-0.800661445 0.99545151
-0.967612207 -0.429017097
1.23938382 0.0140249915
-0.623005092 0.986707151
-0.372120321 -1.11939096
-0.952664375 -0.137071416
0.11712613 1.0584873
0.317189932 1.15662432
0.430152804 -1.12500846
1.2292738 -0.402077019
0.97038871 1.40763855
0.999444485 -0.299883962
1.59869504 -0.234690949
-0.335235059 -1.01988912
-1.20126426 1.0055362
0.654046178 0.98024857
0.532317221 1.08144152
-1.27458942 0.812407315
1.02569902 0.848638058
-0.999167085 -0.844299078
-1.29484904 1.01901841
0.838157415 0.764896393
-1.80145121 -0.829090893
0.968300343 -1.4411099
-1.06679749 -0.659264147
0.3010616 -1.10683
1.21995819 0.390984505
1.6067946 0.371007472
1.42699397 0.304359287
-0.00984507799 0.871135473
1.7705884 -0.138841286
-0.254089922 1.52545571
1.50929189 0.013274245
-0.135541499 -1.37732756
0.02168517 1.50824845
0.214195281 1.29216242
-1.72478867 0.465274334
1.59867871 -0.170675308
0.502019823 1.07658947
-0.625299513 -1.60336459
0.789659202 1.47463834
1.06391907 -0.982298434
1.41493487 -0.727128625
-1.4090271 1.06062639
-1.31367183 0.999095738
-1.09000385 1.14642608
-0.652672708 0.899793088
-1.00483859 -1.20082891
1.36452305 1.01213169
1.02111936 -0.633424819
0.207227573 0.56120801
-0.17703335 -0.316422552
-0.2301355 -0.725627482
0.343952388 -0.348262072
-0.317429632 -0.253497899
0.761018097 0.082558006
-0.127701014 0.943863869
-0.00261732074 -0.11196693
0.0404275917 0.471107572
0.748901308 -0.411894917
0.00236175465 -0.190952033
-0.234128118 0.166568711
-0.0503508076 0.275021732
-0.264230162 0.438219756
0.113482408 -0.127273798
-0.464442581 0.559701979
-0.290955812 -0.0163460411
-0.422540486 0.121909715
-0.091666624 0.426973045
-0.382161677 0.143292904
-0.109591305 -0.574458539
-0.00827884488 0.552896142
0.118847653 -0.344086915
-0.748676658 0.200283602
-0.527410269 -0.0739705265
0.473707825 0.631344736
-0.649167836 -0.438869208
0.244399607 -0.255265474
0.508669496 0.245383531
-0.672159135 -0.423711181
0.418224633 -0.650434196
-0.784105241 -0.311299682
0.690093338 0.310438663
-0.0227191392 -1.22896385
-0.89199388 -0.115647458
-0.83171469 -0.00509956945
0.0331177972 1.12452197
0.764889181 0.00255136355
0.492882699 -1.0575695
-0.629891217 1.00367272
0.0616083331 -1.00342929
-1.50645912 0.337988555
0.194689497 1.41197312
-0.109969862 1.2297616
0.967425644 -0.0102197779
0.10637781 -0.74475944
1.05954063 -0.491515517
-0.460395038 -1.22799945
0.243510172 1.4854722
-0.545510232 -1.12123466
0.530834436 0.986582935
-0.898411453 0.701826394
0.559165895 -0.520694911
-0.757180631 -0.76838845
1.10626733 -0.738332987
1.00139499 1.38668299
-1.47637165 0.599748373
0.957220674 1.22137058
-1.27332747 0.370383799
0.814976215 -0.760232091
1.24913156 0.670691609
-0.827667892 0.721144676
0.887762785 0.71226275
-1.0364027 1.58057249
-1.1014241 -0.586720109
-0.436864108 1.2938236
-0.824908793 -0.474408686
-0.670701861 1.04792893
-1.64469528 -0.437803328
-0.955663443 -0.666342556
-0.926382363 -0.540212095
1.58191812 0.716120064
1.27428579 0.1977593
-1.3718102 0.239884108
1.698053 0.233626589
0.184556767 1.09609306
-0.0843259692 0.945533276
0.382115245 1.23582017
-0.456121445 -1.22645533
-1.19797528 0.271773219
0.379820347 1.51172209
-1.2336973 -0.0128151551
-0.390530825 -1.0220232
-0.362037033 -1.02151036
0.287166566 1.03179109
0.97340095 -0.322899908
-0.501424015 0.831748009
1.26913786 -0.358610243
0.211588949 0.59490788
0.918331385 -0.665793717
-0.588334739 -0.432749629
-0.464294672 0.215673223
0.326258004 -0.794874012
-0.472080141 -0.526476324
-0.346987963 1.01104712
0.267044902 0.712024808
-0.710323393 0.398008883
0.307390153 -0.562752128
0.661621988 0.204607084
-0.512343228 -0.126598075
-0.539940536 -0.0308368076
0.171076789 -0.835194349
0.273191363 0.588550568
-0.685720205 0.340887189
0.426148325 0.0363481045
0.437799484 -0.0644494295
-0.41630891 0.119507179
-0.505495548 0.655939341
