-0.919502854 -1.02663291
-0.429647833 -0.646179318
0.838246226 0.591948509
-0.928818464 0.230640575
0.713893056 0.853842974
-0.46469298 0.779459834
-0.315314114 0.788758337
-0.833816588 -0.377399623
0.534660697 0.665250778
0.673856437 -0.637217999
0.523539126 -0.614919126
0.183019713 -0.488398343
-0.631349206 0.522835135
-0.631145418 0.255476117
-0.58278805 -0.422445446
-0.578559875 0.717906654
0.762503445 -0.467974961
-0.940989316 -0.765949726
0.602127075 -0.871668935
0.484290898 0.459210753
-0.909780085 0.75445205
0.556503415 0.534515023
-0.996767879 0.872414351
0.636214674 -0.610880256
0.867729723 0.55272007
0.571014881 -1.00559342
0.620797038 -0.736040831
0.82700032 -0.701351047
0.653686285 -0.578191698
0.71145618 -0.901201427
-0.788529575 0.604050934
-0.885517061 0.601555407
-0.687223434 0.741380751
-0.803251386 0.940634549
-0.731807888 0.566338062
-0.780894339 -0.765636206
0.709750116 0.447193176
0.655066192 -0.443232268
0.802998126 0.787010252
-0.539659858 0.737550378
-0.80981344 -0.604749441
0.912773192 0.688507855
-0.879281223 -0.628871679
-0.678634107 0.549555361
-0.741629422 0.69973135
-0.841692209 0.777834773
0.55659163 0.507182658
0.890676618 -0.653205633
-0.488268077 -0.858553708
-0.719664335 0.836438715
0.630235255 -0.822689295
-0.85204643 -0.437621027
0.695347786 -0.818590164
-0.73210746 -0.784128904
-0.644759655 -0.581101775
-0.819842339 -1.05543888
-0.860488713 -0.63976872
-0.753564239 -0.59285599
-0.737448335 0.782556951
0.653065443 0.879717469
0.805392802 -0.890403032
-0.498108953 -0.766711354
-0.86360091 0.90162462
1.01765168 0.613007009
-0.952702045 -1.15501547
-0.67831713 0.731086671
0.654096365 0.670350254
-0.733620882 -0.50801456
0.60261178 -0.990104914
0.512528419 0.603082299
-0.866459727 -0.285418481
-0.954137325 0.948944449
0.715459168 -0.809602201
-0.568051398 0.882236183
-0.643591225 0.544884264
0.576255202 1.02815104
0.525438607 0.822440028
0.677958727 0.940525055
0.548349679 1.08717835
-0.622474432 0.860001504
0.757055163 0.841308832
0.873567939 0.441002816
0.980175555 -0.573714077
0.63340956 -1.02024269
-0.159272566 -0.787562966
0.483820349 -0.666471541
-0.528425395 -0.353726834
-0.288437963 0.73906225
-0.805024922 -0.359021634
-0.933342874 -0.792335451
-0.934738159 0.947536707
-0.923906803 -0.313273132
0.775442481 -0.885131955
-0.819142878 0.88513118
-0.795140445 0.792614579
-0.617070854 -0.527082205
0.532126307 -0.849078655
0.994213402 -0.8579458
-0.558291435 -0.83517909
-0.39418 0.717650473
1.06421542 -0.264756024
-0.702245057 -1.41256118
-0.948888242 -0.828125954
-0.374378741 0.574025869
-0.272629201 -0.621493578
-0.863052011 1.16777444
-0.495899826 -0.73101908
0.614700317 -0.474867642
0.729035258 -1.62869918
0.65545994 -2.27492142
1.67822516 1.22163022
0.979962707 0.802870095
0.0239449926 0.0733852088
-0.0694489628 0.820053697
2.25372052 -0.442340493
3.61698818 -1.37988842
1.32504952 -0.242737129
-0.704444885 0.148458481
-0.41534707 -0.394277573
0.83981359 0.141333789
0.00892376062 1.17183769
0.389462829 0.528532267
0.652873755 0.747869551
-1.06742609 0.493070632
0.688227534 -0.411660761
-0.0550180115 -0.676420152
0.263819605 1.22499669
-0.915661275 2.6520009
-0.325998574 0.663916647
-1.3321234 -0.507132769
0.266559958 -0.448519289
1.68145454 -2.47403121
0.67969805 0.076964587
-0.195113614 1.25081444
0.969171703 -0.945974529
-0.568541646 0.313238353
0.157365024 -2.9400022
-1.09426284 -0.741527021
0.414288372 -3.80977368
-0.887078762 2.57495284
0.880600512 1.1712079
0.502862871 -0.0354871266
-2.39674711 -0.661711097
-1.27508998 -0.44561246
0.320326805 1.78281105
-0.223553523 0.839660645
0.664141774 -0.522904992
0.69459939 0.566697359
-0.757214189 -0.871034563
-0.422507435 0.266470939
0.501478016 0.41229564
-0.164289162 -0.812406063
-0.902445972 0.439616412
0.421602815 -0.673570812
-0.81839174 0.16532442
-0.691793025 0.782603085
-0.623332798 -1.65584397
-0.490157723 -0.898349404
-0.721170068 -0.383214444
-0.856379569 -0.734794915
-1.045506 0.630060256
-1.5881902 1.27330565
1.05023968 0.629090905
1.34670818 0.567166805
-0.838246107 0.627851903
1.08107579 0.722737014
-0.223561957 1.12701237
0.362270921 -0.534032762
1.09406185 -0.545953274
0.481943011 -0.214040071
0.456347734 -0.1415907
0.879891634 0.947755098
1.30021107 0.407190531
0.637078285 0.74730432
1.11469471 -1.18660057
-0.517248154 -0.727450907
0.995097101 0.34916231
0.846060157 -0.610574901
-0.514411747 0.638118446
-1.14488077 -1.06631064
-0.574608505 -0.0826950744
0.705133438 -0.419058591
-0.189839765 1.29202712
0.836605668 -0.727969408
-1.01438189 0.764982581
-1.2357595 0.314988405
-1.07241726 0.90940237
-0.720946908 -0.354120821
-0.883716941 -0.402746022
0.652782679 0.508082151
1.1276406 0.471374482
0.747864306 -0.736473203
0.604288638 0.610826075
-0.990291953 0.883876979
-0.554460227 -0.699436724
0.886957228 0.774155438
-0.305075735 -0.628057361
-0.844051063 0.857167125
0.542120874 -0.491743654
-0.459117889 -1.24619222
-1.2430563 -0.666482091
-0.626038432 -0.436338156
0.674650371 0.528898776
-0.896215379 -0.384890288
-0.528943598 0.447068423
0.685163796 1.10675037
-0.751645327 0.803461909
-0.634668291 -0.687106311
-0.614260852 0.540204167
0.634355128 0.68958205
-0.39024514 -0.67062068
0.531169415 1.12867737
1.01146114 -0.621567011
0.741154134 0.601729035
1.0007118 -0.337474644
-0.49668771 -0.614447951
