57
210
228
235
111
71
30
110
103
7
2
194
144
138
177
114
223
49
193
43
230
33
103
200
135
26
179
50
167
165
125
240
193
87
180
252
71
163
69
142
86
136
145
3
69
28
163
108
22
238
38
130
237
228
25
82
210
66
113
36
207
83
145
5
192
51
198
95
167
28
138
230
122
229
163
243
190
74
72
131
34
149
238
189
90
123
146
134
93
147
90
132
32
145
56
178
211
235
46
153
123
43
133
22
218
97
33
249
65
79
17
216
122
211
78
181
85
249
103
15
140
168
207
218
90
105
32
81
146
78
162
157
116
136
213
171
225
91
117
68
222
99
166
109
125
57
58
254
132
4
89
12
180
50
142
111
243
10
135
99
241
124
46
242
222
202
34
11
94
100
198
237
67
26
243
175
56
228
222
164
101
192
170
250
166
20
141
1
37
36
201
251
243
15
126
87
59
199
100
213
43
14
58
58
228
220
103
113
222
88
228
2
5
56
36
215
143
141
255
106
211
184
240
191
203
212
177
221
67
196
247
158
172
53
65
174
91
185
21
79
139
200
148
129
131
190
100
125
4
91
206
123
203
150
203
238
51
182
52
53
174
29
37
52
133
84
161
23
64
198
193
67
70
198
3
49
119
222
63
62
121
242
90
93
177
53
141
4
212
37
154
31
201
153
143
254
247
98
113
204
14
29
188
134
148
135
146
44
129
47
243
221
149
245
51
118
69
16
91
250
61
27
187
11
11
89
158
40
201
234
81
67
70
193
35
66
1
99
38
28
184
7
37
60
89
1
47
170
159
178
17
103
79
171
148
143
155
192
149
72
233
185
133
51
240
29
106
202
45
87
71
23
189
59
79
179
255
60
183
189
233
148
63
245
15
30
134
229
217
219
15
126
9
101
32
75
32
104
13
98
224
124
89
59
119
58
246
146
186
233
40
249
251
118
19
35
170
186
209
85
223
5
171
95
186
213
29
210
208
32
155
155
88
157
36
198
95
219
134
249
64
213
107
184
73
241
240
184
162
24
17
107
78
76
153
213
99
215
137
227
157
44
188
112
31
62
95
37
146
42
52
208
0
48
214
168
131
108
71
73
117
230
122
141
12
110
213
19
188
221
209
209
105
91
144
228
4
120
209
123
178
42
244
35
14
249
76
57
252
151
73
29
114
105
229
76
158
1
180
205
244
67
218
34
28
255
136
136
205
57
137
40
168
208
94
155
212
140
103
208
172
30
151
157
226
165
236
88
137
118
7
85
14
233
228
101
122
27
58
26
158
216
80
234
78
148
99
212
224
26
204
223
218
116
243
184
208
127
10
42
215
61
208
200
23
181
124
41
172
29
26
79
101
162
131
23
248
99
240
182
16
224
179
124
45
57
35
11
94
177
109
192
228
215
238
87
35
44
111
253
139
75
104
1
214
59
38
178
165
254
110
144
220
129
113
87
51
145
234
62
93
86
94
28
52
96
66
154
20
194
201
110
213
157
217
11
196
202
7
203
224
195
167
81
234
212
13
99
156
7
88
144
177
2
180
140
4
96
16
103
159
144
165
192
118
14
161
39
174
208
248
242
176
242
195
186
66
81
69
154
89
9
12
82
198
8
229
48
3
192
187
217
122
180
137
81
148
13
52
26
9
130
139
191
21
34
213
134
147
163
46
152
50
110
208
8
244
247
219
247
6
205
222
57
158
236
110
148
194
176
215
174
201
35
50
234
234
5
82
197
5
212
251
47
168
236
201
43
17
139
243
64
68
65
74
169
167
7
136
96
214
59
164
66
3
66
130
148
192
119
26
141
34
154
57
60
90
155
40
70
245
81
124
154
48
22
229
56
174
7
246
32
49
233
91
78
147
177
135
43
165
7
70
117
48
71
242
109
102
225
217
52
255
18
54
180
140
204
213
17
181
132
91
17
96
212
54
214
44
19
45
99
234
215
177
114
68
5
202
86
129
27
49
211
80
245
89
149
24
55
244
197
201
183
129
222
26
8
179
61
17
193
70
126
205
63
254
47
79
26
63
116
155
70
7
29
217
148
161
108
109
89
82
142
77
51
241
88
58
37
81
162
235
221
200
21
55
196
52
106
230
84
224
116
254
225
158
86
98
201
252
13
30
69
166
167
138
94
129
15
92
212
218
194
10
229
189
135
126
197
188
53
49
55
135
106
188
249
236
202
223
177
12
166
152
243
241
74
185
211
77
42
124
83
152
200
138
84
145
107
85
244
156
153
248
145
104
202
173
89
231
114
192
75
182
95
189
124
36
52
52
12
233
231
207
94
61
175
123
13
129
62
157
147
29
42
111
169
186
215
124
24
231
46
43
245
250
175
169
95
156
178
8
56
99
232
30
92
192
7
167
84
165
33
232
254
176
177
80
26
185
167
216
149
21
99
242
116
95
190
162
71
23
15
62
247
190
208
6
170
131
44
128
86
130
157
81
66
186
33
59
162
138
182
136
92
198
49
51
228
136
69
194
7
31
248
118
64
219
35
191
189
242
165
26
252
94
144
208
47
176
226
87
249
74
130
118
178
205
51
156
97
11
103
127
109
112
254
160
107
58
114
135
169
157
78
76
168
123
57
128
208
178
1
25
208
79
47
117
234
56
182
56
5
143
201
124
221
217
71
247
1
102
73
121
172
139
81
171
98
8
119
98
19
2
169
11
198
21
119
29
39
78
89
228
106
177
166
6
110
70
39
66
179
133
215
48
7
24
173
26
74
28
5
178
0
214
114
197
233
88
107
234
11
160
174
169
68
35
61
177
159
152
164
56
126
232
32
70
15
235
116
127
129
194
118
175
232
84
155
214
179
55
97
71
213
35
204
159
138
95
140
95
1
124
122
83
177
105
105
23
64
10
102
65
82
57
65
118
200
30
91
227
182
115
134
196
197
249
119
216
13
36
202
209
226
221
51
60
72
104
204
54
117
227
146
147
168
28
215
172
72
0
70
196
202
77
76
67
95
81
123
34
170
76
105
157
15
98
90
101
106
194
223
219
150
159
72
45
62
161
198
192
228
142
104
206
116
175
48
192
202
230
58
112
48
47
2
50
234
23
237
225
157
23
67
162
37
50
110
43
23
51
114
115
104
147
184
126
15
134
90
1
135
236
18
215
167
26
179
230
167
133
248
135
245
131
193
75
136
192
78
90
228
0
49
55
165
202
186
49
127
218
2
232
157
123
165
148
104
137
188
209
187
221
237
118
223
249
163
240
58
252
120
186
232
247
34
195
136
77
71
28
216
9
11
238
9
52
112
21
153
118
201
100
95
201
172
167
84
141
92
236
32
253
5
178
164
191
76
103
45
5
1
62
236
170
218
151
21
51
49
143
200
225
82
246
251
130
9
141
199
117
125
164
180
70
26
193
79
186
36
237
219
63
232
18
38
35
184
193
82
233
243
32
141
192
175
237
50
119
251
216
247
46
58
230
21
72
211
227
91
229
20
230
37
215
55
12
94
181
226
172
169
130
100
20
75
107
233
33
86
3
62
177
10
156
65
205
67
90
3
232
82
159
176
237
80
177
45
243
171
181
53
213
248
136
85
27
149
226
239
228
186
145
3
162
217
141
53
93
165
180
151
9
188
79
128
243
59
48
227
45
128
14
74
201
173
33
1
81
245
223
129
8
238
180
96
189
93
241
34
207
247
144
156
216
57
192
81
194
133
155
50
116
163
224
26
112
12
213
170
109
35
71
71
238
101
25
12
198
117
108
46
141
254
173
247
67
107
166
9
100
19
248
136
74
75
107
47
165
43
71
4
85
6
12
165
4
160
160
207
70
126
183
202
135
15
248
116
84
17
225
83
2
114
132
2
207
62
158
235
178
1
157
112
35
154
67
142
174
177
32
48
236
0
74
119
94
110
86
192
116
55
190
140
208
82
244
156
39
62
162
162
84
98
52
178
38
11
132
26
142
232
229
52
104
106
199
230
239
110
216
87
118
23
223
97
95
44
229
127
110
179
204
65
237
80
31
59
136
212
154
119
231
1
172
158
109
50
53
136
129
178
155
78
29
216
60
39
29
244
206
100
61
152
167
41
21
78
170
244
21
100
249
87
243
170
3
124
11
35
11
239
236
57
156
146
120
194
145
95
0
76
125
77
94
26
127
116
169
151
119
195
191
252
151
224
175
57
84
251
153
26
40
116
205
96
195
243
89
229
43
210
161
189
198
118
134
60
209
50
193
72
102
199
49
28
142
83
87
77
67
104
233
125
59
142
163
66
223
176
133
147
24
207
242
120
71
172
219
207
49
97
199
144
83
195
88
156
11
171
24
93
213
158
205
20
114
216
113
85
181
254
21
246
33
2
178
208
38
102
59
159
162
164
239
248
230
117
164
137
27
225
220
49
226
206
46
109
96
224
3
109
216
251
87
191
105
162
91
171
183
54
138
41
99
83
185
212
255
72
124
12
105
31
174
222
219
156
146
42
185
121
30
175
199
203
115
44
211
62
92
4
70
137
13
149
171
221
54
246
125
228
237
169
26
186
216
6
231
59
194
101
112
152
12
161
234
143
221
104
179
80
76
117
32
119
63
181
85
88
218
94
104
124
57
18
228
221
205
23
128
81
230
126
35
26
189
197
64
180
246
57
224
41
12
92
135
120
27
161
106
245
101
15
198
236
