1.09499002 -0.176963091
-0.882696748 -0.374670476
-1.22729695 -0.576681077
0.99386251 0.748797238
0.935993373 0.447505385
0.945770144 0.609921157
-0.671836019 0.852836609
0.965284467 0.750468135
-0.861140549 -0.924961567
1.07387352 0.494628608
1.18405831 0.482266217
1.29627025 0.321764022
-1.15359938 -0.487469912
1.19666839 0.287139207
1.24020958 0.152827293
-1.19816935 -0.407817304
-0.277217865 1.10570192
-0.00289552845 1.4006604
-1.13666666 -0.441898942
-0.30201441 1.35376358
1.35752547 0.18053332
1.44953966 -0.0864287689
-0.0707720593 1.3716433
-1.11152065 0.0105082784
0.27231732 1.1885196
-0.112360351 -1.21344054
-0.0980672911 1.16204488
0.0564313158 -1.43958986
0.0402836166 1.43841696
1.4455899 -0.268945396
-0.0749629512 -1.39421141
0.0261855647 1.27329206
0.62890172 -1.42426133
-0.476284206 -1.30272865
1.14246166 -0.566070557
1.18595278 -0.366726696
1.52513647 -0.943758845
1.12153542 -0.658924878
1.58286667 -0.68144536
-1.04212785 -1.47301126
-1.20273125 0.612331808
0.912583351 1.44842589
0.924732804 1.2897774
-0.768026769 -1.0559423
1.11534202 -0.779050648
1.15071917 -1.23163331
-0.972450614 -1.03456473
-0.948663056 -0.993487
-1.24748802 1.1085335
-0.892192662 -0.796591401
-0.766762614 1.10263622
-0.980621457 -0.929713011
1.24996328 -1.39750481
1.15148258 1.14002836
-0.854072809 1.16195858
-1.30832696 -0.69261241
-1.4864856 -0.825539172
-1.28314352 -0.427401394
-0.785047114 1.01780331
1.44907606 0.670030594
1.26265407 0.454955667
0.273314327 -1.72774863
-1.30176508 -0.350506157
-1.68167639 -0.403166413
-0.85322994 -1.26921082
-1.54090381 -0.217296466
-0.184424087 1.27126908
0.0464115515 1.12487972
-0.265875399 1.50022721
1.62142289 -0.0904240608
0.113736093 -1.71812737
-1.24558699 0.0314148627
1.56008995 -0.274510324
1.4232192 0.338778973
1.26812947 -0.259009391
-0.177704036 -1.48622406
1.30313563 0.000904584827
0.540913939 1.40442693
0.734992206 1.26800895
0.911990643 1.46294379
-1.03495657 0.68081516
-0.664266348 -0.982161462
-0.499973178 -1.31637001
0.512173533 1.14555836
1.40234494 -0.618418396
-0.677070618 -0.683074355
0.68675977 1.13517368
0.817554176 -1.12690663
0.80060333 1.30805314
-0.804730237 -1.2736485
1.28754389 -0.754630506
-0.685762465 -0.866777778
-0.82857585 -0.512912333
-0.879065573 -0.491691977
0.641445935 0.675994515
-0.924658179 -0.542241096
-1.14519477 0.262382716
0.870082259 0.447979599
0.409872472 -0.850094438
0.585481882 -1.23144233
-0.538254201 0.928198159
-0.746334612 0.0153805176
0.0495997071 -1.03370726
1.17355418 0.433290422
-0.855379879 0.229618967
-0.775661051 0.105996504
0.0264709201 -1.00694048
0.0842422545 -1.19435084
0.961677611 -0.111951619
0.0757400766 -0.67200613
-0.993056893 0.307049692
0.774915457 -0.267152756
-0.138468355 0.111955553
0.0539864823 -0.136663586
0.0100101642 -0.210461259
-0.116520435 -0.2407116
-0.337836444 -0.124725804
0.329550594 0.0334703252
-0.200752512 -0.0956240445
0.0267161746 -0.0774528533
0.293044239 -0.222913384
-0.362392336 0.206992596
0.231932104 -0.477129042
0.279337972 -0.324602395
0.340253621 0.141082108
0.469472975 0.0650115535
0.201539785 -0.38457343
-0.0915162861 -0.0932402462
-0.327658415 0.1250806
-0.268258899 -0.162073821
0.246490762 0.447651446
-0.373177767 -0.390395164
0.130262241 0.0893969312
0.344685227 -0.0263085626
-0.140144557 -0.257886201
-0.0122040333 -0.41168651
-0.00770880887 -0.0885405689
0.113712206 0.498654485
-0.322153121 0.319953263
-0.191127688 0.144879982
0.137160614 0.57792902
0.186960846 -0.0347796828
-0.458046257 0.238790736
0.210574239 -0.0167234298
-0.186635658 0.138365
-0.147662282 -0.115917496
0.149244234 -0.442220211
0.171651661 0.152644679
-0.32354489 0.211652026
0.0921154395 0.408947706
-0.487996042 -0.52949506
0.678543568 0.152577266
-0.562801361 0.0536086299
0.116046555 -0.475946307
-0.738966584 -0.083439894
0.0092681665 0.540598929
0.0521361083 -0.670214117
0.507528484 0.0393818133
-0.0488563105 0.667619348
-0.445812613 0.619084179
0.000850817014 0.641772151
0.516238153 0.0401088446
-0.346046865 0.249514058
-0.5449875 0.207714811
-0.176018164 -0.70880127
-0.606653452 0.242945716
-0.498635709 0.343131095
0.217494175 0.436733872
0.567158639 -0.262705714
0.357222617 -0.258589923
0.352103233 -0.242738485
0.378578633 0.477734953
-0.688896418 0.316755533
-0.357904673 -0.57425046
-0.459902287 -0.51000911
-0.459607035 0.831492841
0.892358899 0.283612758
-0.435332626 -0.282718062
0.619493663 0.421447217
-0.61111021 -0.360111326
-0.583283544 -0.253857464
0.306717843 -0.86578995
-0.863725424 -0.448038518
-0.255810499 0.880087316
-0.705945909 -0.554044843
-0.269621909 0.565175116
0.243742809 -0.528419614
-0.945105076 -0.198694095
0.326071292 0.591100454
-0.0966251716 0.672483444
0.611725867 -0.201373652
0.408021778 0.609165311
-0.210092261 -0.656993151
0.191357076 0.648276448
1.06922674 -0.158394828
-0.000363468513 -0.923044443
0.0896445513 -1.071702
0.892556071 0.158892363
0.856541157 -0.28933537
-0.776207924 0.162920266
0.161388114 0.864668548
-0.480092257 -0.799221694
-0.823906541 0.317312896
0.808245778 -0.620245934
0.717063427 -0.464206487
-0.864024162 0.355581045
0.548410296 -0.455386728
-0.385697365 -0.634513557
0.640193641 0.835133374
-1.01744437 0.656150281
-0.996941268 0.354954302
0.565106392 0.721421361
0.616657555 0.812182486
-0.5736534 -0.697744489
-0.848084509 0.759118974
0.58800143 0.834315658
0.577335119 0.718281865
0.554414153 -0.759386182
0.50167805 0.493192971
-0.707921863 -0.576288879
-0.693205714 0.86629349
0.589925349 -0.790976644
0.939398229 0.641801119
1.05020261 -0.253188968
