0.154303357 0.7715168
0.7715168 -1.08012354
1.08012354 -1.08012354
-0.154303357 0.154303357
-1.08012354 0.7715168
0.154303357 -0.154303357
0.462910056 -0.462910056
1.08012354 1.08012354
-0.154303357 1.08012354
0.462910056 1.08012354
0.462910056 -0.7715168
-0.7715168 -0.154303357
-0.154303357 -1.08012354
-0.462910056 -0.7715168
1.08012354 -0.7715168
0.154303357 0.154303357
1.08012354 0.154303357
0.154303357 -0.462910056
1.08012354 0.7715168
1.08012354 0.7715168
0.462910056 -0.154303357
-0.462910056 -0.7715168
0.462910056 -0.7715168
-1.08012354 -0.7715168
1.08012354 0.7715168
-0.462910056 0.462910056
-0.154303357 -0.7715168
-0.462910056 -0.7715168
0.7715168 0.154303357
-1.08012354 -0.154303357
-0.462910056 0.462910056
1.08012354 0.154303357
0.154303357 -0.154303357
-1.08012354 0.462910056
1.08012354 0.154303357
0.7715168 0.154303357
0.462910056 -1.08012354
-0.7715168 -0.154303357
1.08012354 0.7715168
-1.08012354 -0.7715168
-0.154303357 -0.7715168
0.7715168 0.462910056
0.154303357 0.462910056
-0.7715168 -0.154303357
-0.7715168 -1.08012354
1.08012354 0.7715168
1.08012354 -0.154303357
-0.154303357 0.7715168
-0.7715168 1.08012354
-0.154303357 -0.462910056
-0.154303357 0.462910056
0.7715168 -0.154303357
-0.7715168 1.08012354
-0.462910056 -0.462910056
-0.7715168 0.7715168
0.462910056 0.154303357
0.462910056 -0.7715168
-0.462910056 -0.7715168
0.462910056 1.08012354
1.08012354 -1.08012354
1.08012354 -0.7715168
-1.08012354 1.08012354
-1.08012354 -0.462910056
-0.154303357 1.08012354
-1.08012354 -0.7715168
-1.08012354 1.08012354
-1.08012354 -0.154303357
0.154303357 -0.154303357
0.7715168 -1.08012354
1.08012354 0.7715168
-0.462910056 -0.7715168
0.154303357 -0.462910056
1.08012354 1.08012354
0.154303357 0.154303357
-0.462910056 0.154303357
-1.08012354 1.08012354
-0.462910056 -0.154303357
-0.7715168 -0.154303357
1.08012354 -0.7715168
1.08012354 -0.154303357
0.154303357 -0.154303357
-0.462910056 -0.154303357
-0.462910056 -1.08012354
0.462910056 1.08012354
1.08012354 -0.462910056
-0.154303357 -0.462910056
0.7715168 -0.7715168
0.154303357 -0.154303357
-0.7715168 -0.7715168
0.154303357 -0.154303357
-0.7715168 -0.7715168
0.462910056 0.462910056
-0.462910056 0.154303357
-0.7715168 0.154303357
-0.154303357 -0.7715168
1.08012354 -0.462910056
0.7715168 1.08012354
-1.08012354 0.154303357
-0.154303357 -0.7715168
-0.154303357 1.08012354
0.462910056 -0.154303357
-1.08012354 -0.154303357
0.7715168 0.154303357
-0.462910056 -0.154303357
0.7715168 0.7715168
-0.7715168 0.154303357
-0.7715168 0.154303357
0.154303357 -0.7715168
0.462910056 -0.462910056
0.154303357 0.154303357
0.462910056 0.154303357
-0.462910056 -1.08012354
-0.154303357 -0.7715168
-1.08012354 -0.462910056
-0.154303357 -0.7715168
0.154303357 0.462910056
0.7715168 0.7715168
-1.08012354 0.462910056
-0.154303357 0.154303357
0.7715168 1.08012354
0.7715168 -1.08012354
0.154303357 -0.154303357
-1.08012354 -0.7715168
0.154303357 1.08012354
-0.7715168 -0.462910056
-1.08012354 0.462910056
-0.462910056 -1.08012354
0.154303357 1.08012354
-1.08012354 0.462910056
-0.154303357 -0.154303357
0.7715168 0.462910056
0.462910056 1.08012354
-0.154303357 0.7715168
0.7715168 -0.154303357
0.7715168 -1.08012354
-0.462910056 0.154303357
0.154303357 -1.08012354
-1.08012354 -1.08012354
0.462910056 1.08012354
-1.08012354 1.08012354
-0.154303357 0.462910056
-0.7715168 1.08012354
0.7715168 -0.154303357
0.154303357 -0.7715168
0.462910056 0.462910056
-0.7715168 -1.08012354
-0.7715168 -0.154303357
-0.154303357 -0.154303357
0.7715168 0.7715168
1.08012354 0.7715168
-0.154303357 0.7715168
0.7715168 0.7715168
-0.154303357 -0.154303357
-0.154303357 -1.08012354
0.462910056 0.7715168
-0.462910056 -0.462910056
-0.462910056 -0.154303357
0.462910056 -0.154303357
1.08012354 0.7715168
-1.08012354 0.154303357
0.462910056 0.154303357
-1.08012354 1.08012354
-0.154303357 -0.462910056
-0.7715168 0.154303357
1.08012354 -0.154303357
0.7715168 -0.154303357
0.462910056 1.08012354
-0.154303357 1.08012354
0.7715168 -0.7715168
1.08012354 -0.462910056
1.08012354 -0.154303357
0.462910056 0.154303357
-0.154303357 -0.7715168
-1.08012354 -0.154303357
0.7715168 0.154303357
0.7715168 -0.154303357
-1.08012354 -0.7715168
0.7715168 1.08012354
1.08012354 0.154303357
-1.08012354 -1.08012354
1.08012354 -0.154303357
-0.7715168 -1.08012354
0.7715168 0.7715168
0.462910056 -1.08012354
0.7715168 0.462910056
0.462910056 0.154303357
0.462910056 0.7715168
1.08012354 0.462910056
1.08012354 -1.08012354
0.154303357 0.154303357
0.154303357 0.462910056
0.462910056 -1.08012354
-0.462910056 -0.154303357
-0.154303357 1.08012354
-0.7715168 -0.154303357
0.7715168 0.7715168
-0.7715168 1.08012354
0.462910056 0.154303357
-0.462910056 -1.08012354
-0.7715168 -1.08012354
0.462910056 -0.7715168
0.154303357 -1.08012354
-0.154303357 0.154303357
0.7715168 0.154303357
-1.08012354 1.08012354
-1.08012354 -1.08012354
-0.462910056 1.08012354
-0.462910056 -0.7715168
-0.154303357 0.462910056
-0.462910056 -0.462910056
0.7715168 0.154303357
-0.7715168 -0.462910056
0.7715168 1.08012354
0.7715168 0.7715168
1.08012354 0.462910056
-0.7715168 -1.08012354
-1.08012354 -0.7715168
-0.462910056 -0.154303357
-1.08012354 0.154303357
0.462910056 -0.462910056
0.154303357 -0.462910056
0.154303357 -1.08012354
1.08012354 -1.08012354
0.7715168 -0.7715168
0.154303357 0.462910056
-0.7715168 -0.462910056
0.462910056 1.08012354
0.7715168 -0.462910056
0.462910056 -0.462910056
-1.08012354 0.7715168
0.7715168 -0.154303357
0.462910056 -1.08012354
0.462910056 0.7715168
-0.462910056 -1.08012354
0.462910056 0.7715168
-0.154303357 -1.08012354
0.462910056 -0.154303357
-1.08012354 0.462910056
0.7715168 -0.7715168
-0.7715168 -0.154303357
-1.08012354 -1.08012354
-0.154303357 -0.462910056
1.08012354 -0.7715168
0.7715168 -0.7715168
-1.08012354 0.154303357
1.08012354 0.462910056
-0.154303357 0.7715168
-0.462910056 -1.08012354
-0.7715168 -0.154303357
-1.08012354 -0.154303357
0.462910056 -0.7715168
-0.7715168 0.7715168
1.08012354 -0.462910056
-1.08012354 0.7715168
-0.154303357 0.7715168
-0.462910056 0.154303357
-0.154303357 -0.462910056
-1.08012354 -0.462910056
-1.08012354 -1.08012354
-0.154303357 0.7715168
-0.154303357 0.154303357
-0.154303357 1.08012354
0.462910056 0.154303357
-0.462910056 -0.154303357
0.462910056 0.154303357
0.462910056 -1.08012354
-0.154303357 -0.462910056
0.462910056 -0.154303357
1.08012354 0.7715168
0.154303357 -1.08012354
-0.462910056 -0.462910056
-0.154303357 0.154303357
-1.08012354 0.154303357
-0.462910056 -1.08012354
0.154303357 0.7715168
0.462910056 -0.7715168
1.08012354 -0.7715168
-0.7715168 -1.08012354
1.08012354 0.154303357
-0.7715168 0.462910056
0.462910056 0.462910056
1.08012354 -0.462910056
0.7715168 -0.7715168
1.08012354 -0.462910056
-0.462910056 -0.462910056
0.7715168 0.154303357
-0.7715168 -0.154303357
0.7715168 1.08012354
0.462910056 -0.7715168
-0.154303357 0.154303357
1.08012354 0.7715168
-1.08012354 -1.08012354
0.7715168 0.154303357
1.08012354 0.462910056
1.08012354 0.462910056
-0.462910056 -0.462910056
-1.08012354 -0.154303357
-1.08012354 0.462910056
-0.462910056 -0.7715168
1.08012354 0.7715168
0.462910056 0.462910056
-1.08012354 0.7715168
0.7715168 -0.462910056
1.08012354 -0.7715168
0.462910056 -0.154303357
-0.462910056 0.462910056
-0.154303357 0.7715168
0.7715168 -0.7715168
0.154303357 1.08012354
-0.462910056 -0.154303357
0.154303357 0.462910056
-0.154303357 -0.154303357
0.462910056 0.462910056
-0.7715168 0.154303357
0.7715168 -1.08012354
0.462910056 0.7715168
0.462910056 -1.08012354
0.462910056 -1.08012354
-0.154303357 0.462910056
0.154303357 -1.08012354
0.154303357 0.462910056
-0.154303357 -0.154303357
-1.08012354 1.08012354
0.462910056 0.7715168
1.08012354 -0.154303357
0.154303357 1.08012354
-1.08012354 0.154303357
-1.08012354 1.08012354
0.7715168 0.7715168
-0.462910056 0.7715168
1.08012354 0.462910056
-0.462910056 0.7715168
-1.08012354 -0.7715168
-0.462910056 0.154303357
0.462910056 -0.154303357
1.08012354 -0.154303357
-1.08012354 0.462910056
0.462910056 0.154303357
-1.08012354 -0.462910056
0.154303357 1.08012354
0.7715168 -0.7715168
1.08012354 0.462910056
-0.7715168 0.7715168
1.08012354 -1.08012354
1.08012354 -0.7715168
-0.462910056 0.462910056
-0.154303357 -0.7715168
1.08012354 1.08012354
0.7715168 -0.154303357
-0.154303357 -0.7715168
0.462910056 -0.462910056
-0.154303357 -0.7715168
-0.462910056 1.08012354
-0.7715168 0.7715168
1.08012354 -0.154303357
0.462910056 0.154303357
0.154303357 -1.08012354
-0.7715168 -1.08012354
-0.7715168 -1.08012354
0.7715168 -0.7715168
0.462910056 1.08012354
0.462910056 -1.08012354
-0.154303357 0.7715168
1.08012354 0.462910056
-1.08012354 0.462910056
-0.462910056 -0.462910056
0.462910056 0.154303357
-0.7715168 0.154303357
0.462910056 -0.154303357
0.7715168 0.462910056
-1.08012354 -0.154303357
-0.154303357 0.154303357
-1.08012354 -0.462910056
-0.7715168 -0.7715168
0.462910056 0.154303357
-1.08012354 0.154303357
1.08012354 -0.154303357
-1.08012354 0.7715168
-1.08012354 -0.7715168
-1.08012354 0.154303357
0.7715168 0.7715168
-0.462910056 -0.7715168
1.08012354 0.462910056
-0.7715168 -0.7715168
-0.7715168 -0.462910056
-0.7715168 0.7715168
1.08012354 -1.08012354
0.7715168 -0.154303357
0.7715168 -0.462910056
-0.7715168 0.462910056
0.462910056 -0.462910056
-0.7715168 1.08012354
-0.7715168 -1.08012354
1.08012354 1.08012354
0.154303357 0.7715168
0.462910056 0.462910056
1.08012354 -0.7715168
0.154303357 1.08012354
0.7715168 1.08012354
-0.7715168 1.08012354
-0.462910056 -0.154303357
0.462910056 -0.154303357
1.08012354 -1.08012354
0.462910056 0.7715168
-1.08012354 -0.154303357
1.08012354 0.154303357
-0.154303357 0.154303357
-0.7715168 -0.462910056
0.154303357 0.154303357
0.154303357 -0.462910056
-0.154303357 -0.462910056
-1.08012354 -0.462910056
1.08012354 0.7715168
0.7715168 0.154303357
1.08012354 -0.154303357
-1.08012354 1.08012354
0.7715168 0.154303357
-0.462910056 -0.462910056
0.462910056 0.462910056
0.7715168 0.154303357
0.7715168 0.7715168
-1.08012354 0.462910056
0.462910056 -0.462910056
-0.7715168 -0.154303357
-0.154303357 -1.08012354
0.462910056 -0.7715168
0.154303357 -1.08012354
0.154303357 0.462910056
-0.154303357 -0.154303357
0.462910056 0.462910056
-0.154303357 -0.7715168
0.462910056 1.08012354
0.154303357 1.08012354
-0.462910056 -0.462910056
-0.462910056 1.08012354
0.462910056 -0.154303357
-1.08012354 1.08012354
-0.7715168 -0.7715168
-0.462910056 0.154303357
-0.462910056 0.154303357
-0.462910056 1.08012354
0.462910056 0.154303357
0.462910056 0.154303357
-0.154303357 -0.154303357
-0.154303357 1.08012354
-1.08012354 -0.7715168
0.7715168 -1.08012354
1.08012354 1.08012354
0.462910056 -1.08012354
0.154303357 -0.462910056
-0.7715168 -0.462910056
0.7715168 -0.462910056
0.462910056 0.7715168
0.7715168 -0.154303357
-1.08012354 1.08012354
-0.154303357 0.154303357
0.154303357 -0.462910056
1.08012354 0.462910056
0.7715168 -1.08012354
-0.7715168 0.462910056
0.462910056 -1.08012354
-0.154303357 -0.462910056
0.462910056 1.08012354
0.154303357 -0.462910056
-0.154303357 0.154303357
-0.154303357 0.154303357
0.7715168 1.08012354
0.462910056 1.08012354
0.154303357 -0.7715168
1.08012354 -0.154303357
0.7715168 -0.7715168
-0.154303357 -0.7715168
0.154303357 -1.08012354
0.7715168 -0.7715168
0.462910056 0.462910056
-0.7715168 1.08012354
0.462910056 -0.462910056
0.7715168 -0.7715168
-0.154303357 1.08012354
0.7715168 -0.154303357
0.154303357 0.7715168
0.154303357 0.154303357
-0.7715168 0.154303357
0.462910056 0.154303357
0.7715168 0.462910056
-0.154303357 0.154303357
-0.154303357 0.462910056
0.154303357 0.154303357
-1.08012354 -0.462910056
-1.08012354 -1.08012354
-0.7715168 0.154303357
-0.462910056 0.7715168
-0.462910056 -0.7715168
-1.08012354 0.462910056
-1.08012354 1.08012354
0.462910056 0.154303357
-0.462910056 0.462910056
1.08012354 0.462910056
0.462910056 0.462910056
1.08012354 0.154303357
-1.08012354 -0.7715168
-0.154303357 -0.7715168
0.462910056 0.462910056
0.7715168 -1.08012354
1.08012354 0.462910056
-0.7715168 -1.08012354
0.462910056 1.08012354
1.08012354 -0.462910056
1.08012354 -0.154303357
-0.154303357 -0.462910056
0.154303357 0.7715168
0.7715168 0.462910056
-0.7715168 0.462910056
0.7715168 0.7715168
0.154303357 -0.154303357
1.08012354 -1.08012354
0.7715168 -1.08012354
-0.154303357 0.154303357
1.08012354 0.154303357
-0.7715168 0.462910056
-0.7715168 0.154303357
0.462910056 0.7715168
0.7715168 0.154303357
1.08012354 -0.154303357
0.462910056 -1.08012354
0.154303357 0.7715168
-0.462910056 1.08012354
0.154303357 -0.462910056
-0.462910056 0.7715168
0.154303357 -1.08012354
0.7715168 -0.7715168
0.154303357 -1.08012354
-1.08012354 0.7715168
0.154303357 -0.7715168
0.7715168 0.154303357
-1.08012354 0.7715168
-0.462910056 -1.08012354
0.7715168 1.08012354
-0.462910056 -0.462910056
0.154303357 -0.462910056
0.7715168 -1.08012354
-1.08012354 0.154303357
-0.7715168 -1.08012354
0.154303357 1.08012354
-1.08012354 0.7715168
1.08012354 -0.7715168
0.154303357 0.154303357
-1.08012354 -1.08012354
-0.154303357 -0.7715168
0.154303357 -1.08012354
-0.462910056 -0.462910056
-0.462910056 -0.7715168
-0.154303357 -0.154303357
0.462910056 1.08012354
0.462910056 -1.08012354
0.7715168 -0.7715168
-0.7715168 0.154303357
0.7715168 0.462910056
-0.154303357 -0.154303357
0.7715168 -0.154303357
-0.154303357 -1.08012354
-0.154303357 -0.7715168
0.7715168 -0.462910056
0.7715168 0.462910056
-0.462910056 -0.7715168
0.7715168 -0.7715168
-0.462910056 -1.08012354
0.462910056 -1.08012354
-0.7715168 0.462910056
0.154303357 -0.7715168
0.154303357 -0.154303357
1.08012354 -0.462910056
0.462910056 1.08012354
0.7715168 -0.7715168
-0.462910056 -0.7715168
1.08012354 -1.08012354
0.462910056 0.154303357
1.08012354 0.462910056
-0.7715168 1.08012354
-0.154303357 0.7715168
-0.7715168 1.08012354
-0.154303357 1.08012354
-0.7715168 -0.7715168
1.08012354 0.7715168
-0.7715168 -1.08012354
0.462910056 1.08012354
-1.08012354 -1.08012354
0.7715168 1.08012354
-0.7715168 -0.154303357
-0.7715168 -0.462910056
1.08012354 -0.462910056
-0.7715168 0.462910056
-1.08012354 0.7715168
0.154303357 -0.462910056
-0.7715168 -0.154303357
1.08012354 -1.08012354
-1.08012354 -0.154303357
0.154303357 1.08012354
1.08012354 -1.08012354
1.08012354 1.08012354
-0.7715168 0.7715168
-0.154303357 0.462910056
-0.7715168 0.462910056
-0.7715168 -0.154303357
-0.154303357 0.7715168
-0.154303357 0.7715168
0.462910056 0.154303357
0.7715168 -0.154303357
1.08012354 0.462910056
-0.7715168 -0.154303357
1.08012354 -0.7715168
1.08012354 0.462910056
0.7715168 0.154303357
0.462910056 -0.7715168
-0.154303357 -1.08012354
0.462910056 1.08012354
0.154303357 0.154303357
0.7715168 0.154303357
-0.462910056 -1.08012354
0.7715168 0.7715168
-0.154303357 0.7715168
0.462910056 -1.08012354
-0.154303357 0.462910056
0.7715168 -0.462910056
-0.7715168 -0.154303357
0.7715168 -0.7715168
-0.154303357 -0.7715168
-0.154303357 -0.154303357
1.08012354 -0.462910056
-0.7715168 0.154303357
0.462910056 -1.08012354
-0.154303357 0.462910056
-0.462910056 1.08012354
-0.154303357 0.462910056
-0.154303357 -0.462910056
-0.154303357 -0.7715168
0.462910056 -0.7715168
-1.08012354 -0.462910056
-0.462910056 0.154303357
0.7715168 -0.7715168
0.462910056 1.08012354
-0.462910056 0.7715168
-0.7715168 0.462910056
0.7715168 0.462910056
0.462910056 -0.154303357
1.08012354 0.462910056
0.154303357 -0.462910056
0.7715168 -1.08012354
-1.08012354 0.154303357
0.7715168 -1.08012354
0.154303357 -1.08012354
0.7715168 -1.08012354
0.462910056 0.154303357
-0.462910056 -0.462910056
-0.7715168 -0.462910056
0.7715168 0.7715168
-1.08012354 1.08012354
-0.7715168 0.7715168
-0.154303357 -0.7715168
0.7715168 -0.7715168
0.462910056 -1.08012354
-0.7715168 0.154303357
0.154303357 0.462910056
-0.7715168 0.154303357
-0.462910056 -0.154303357
-0.462910056 -0.462910056
-0.154303357 -1.08012354
0.7715168 -0.154303357
-0.462910056 -1.08012354
-1.08012354 1.08012354
-0.7715168 1.08012354
-0.7715168 0.154303357
1.08012354 -0.7715168
-0.7715168 -0.462910056
-1.08012354 -0.462910056
0.154303357 0.462910056
0.154303357 0.462910056
0.7715168 0.462910056
-1.08012354 0.462910056
0.7715168 1.08012354
-1.08012354 0.154303357
-0.462910056 0.7715168
1.08012354 0.7715168
-0.462910056 -0.462910056
-0.462910056 1.08012354
0.7715168 0.154303357
0.7715168 0.462910056
0.154303357 -0.154303357
0.154303357 -0.154303357
-0.462910056 -1.08012354
0.7715168 -0.462910056
-0.154303357 0.462910056
-0.462910056 0.154303357
-1.08012354 0.7715168
-0.462910056 0.462910056
-0.7715168 -1.08012354
0.462910056 -0.154303357
-0.462910056 0.7715168
-1.08012354 -1.08012354
0.154303357 -1.08012354
0.154303357 -0.154303357
0.7715168 0.462910056
0.7715168 -0.462910056
0.154303357 -0.154303357
-1.08012354 -1.08012354
1.08012354 0.7715168
0.462910056 -0.462910056
-0.462910056 0.154303357
0.154303357 -0.462910056
-0.462910056 -0.462910056
0.7715168 0.7715168
-1.08012354 -0.7715168
0.462910056 -0.462910056
-0.462910056 -0.154303357
0.7715168 -0.7715168
0.462910056 0.7715168
0.462910056 0.462910056
0.462910056 -1.08012354
-0.7715168 -0.462910056
-0.7715168 0.154303357
0.154303357 -0.462910056
-0.154303357 0.154303357
-0.154303357 0.7715168
-1.08012354 -1.08012354
0.154303357 -0.7715168
-0.462910056 0.154303357
-1.08012354 -0.7715168
-0.154303357 -1.08012354
-1.08012354 -0.154303357
-0.154303357 1.08012354
0.154303357 -0.154303357
0.462910056 0.154303357
-0.154303357 -1.08012354
-0.154303357 -1.08012354
-0.154303357 -0.154303357
1.08012354 -0.154303357
-0.7715168 -0.154303357
-1.08012354 0.462910056
-0.7715168 -0.7715168
0.462910056 -0.7715168
-0.7715168 -0.154303357
-0.7715168 -1.08012354
-1.08012354 0.7715168
0.462910056 -0.462910056
0.154303357 -0.154303357
1.08012354 -1.08012354
1.08012354 -0.154303357
0.154303357 0.7715168
0.154303357 0.462910056
-1.08012354 0.154303357
-0.462910056 0.7715168
-0.462910056 -0.7715168
0.154303357 0.462910056
1.08012354 -0.154303357
-0.154303357 -0.462910056
0.462910056 -1.08012354
0.462910056 0.7715168
0.154303357 0.462910056
-1.08012354 0.462910056
1.08012354 1.08012354
-0.7715168 0.462910056
-0.154303357 0.154303357
-0.462910056 -1.08012354
0.462910056 0.7715168
0.462910056 -1.08012354
-0.154303357 0.7715168
0.462910056 -1.08012354
0.7715168 -0.7715168
1.08012354 -1.08012354
-0.154303357 0.7715168
0.462910056 0.154303357
-1.08012354 -0.462910056
0.7715168 0.7715168
-0.462910056 -0.154303357
0.7715168 -0.154303357
-0.462910056 -0.154303357
-0.7715168 1.08012354
0.7715168 0.154303357
-0.7715168 1.08012354
-0.462910056 0.7715168
0.7715168 0.7715168
-1.08012354 0.7715168
0.7715168 0.7715168
-0.462910056 1.08012354
-0.462910056 -0.7715168
-0.154303357 1.08012354
-0.462910056 0.154303357
-0.154303357 -1.08012354
0.154303357 -0.7715168
-0.7715168 -0.154303357
-1.08012354 1.08012354
0.7715168 1.08012354
0.462910056 0.7715168
0.7715168 0.462910056
0.462910056 0.7715168
0.462910056 -0.462910056
0.154303357 -0.462910056
-0.7715168 0.462910056
-1.08012354 -0.462910056
0.462910056 0.462910056
-1.08012354 0.462910056
-0.462910056 1.08012354
0.462910056 0.7715168
0.462910056 0.154303357
0.7715168 0.154303357
-1.08012354 0.462910056
-1.08012354 -0.154303357
-0.154303357 -0.154303357
-0.7715168 1.08012354
0.7715168 -0.462910056
-0.154303357 0.7715168
0.154303357 -0.7715168
0.154303357 -0.7715168
0.7715168 -0.462910056
-0.7715168 0.462910056
-0.7715168 -1.08012354
1.08012354 1.08012354
0.7715168 0.154303357
1.08012354 -0.7715168
-0.154303357 -0.462910056
0.738744855 1.05135655
0.762972593 -0.159881234
-0.135960251 1.05011475
0.480052441 -0.133258343
0.745431483 -0.154852808
0.149480298 -0.78579694
-1.04883456 1.07456851
-0.138256758 -0.418343455
1.06786442 0.156014457
0.490622133 -0.10082943
-0.457001984 1.07680368
-1.08396077 -0.169085607
-0.775217593 0.777450621
-0.464969814 0.192272708
1.10581744 -1.08678567
1.07460034 0.776217937
0.13826856 1.1224947
-0.768490255 0.490813911
-0.768369496 1.0922085
0.491759449 -0.776114881
-1.06384671 -0.805261433
0.457100987 0.143824324
0.126364842 0.470856398
-0.742428958 -0.16242376
-0.146444023 -1.0766151
0.474017054 -0.173153445
-0.457998931 1.07904327
0.151746973 0.151747271
-0.154788941 -0.129850805
-1.03060949 1.08738208
0.190489501 -0.455530494
0.155940861 0.149277821
0.159561843 0.774158239
-0.793047428 -1.06904006
0.489121526 0.466851771
0.181546852 -0.1552338
-1.0812695 0.165988788
1.03799915 -0.761601448
1.12632132 -0.137001365
-0.466173887 -0.153082326
-0.783538938 -0.487499774
0.445765525 0.467499554
0.471325547 0.150090188
-0.79357338 0.176579177
0.161948457 -0.17575869
0.172609434 -1.09170461
-0.440536261 1.08319986
-0.481413722 0.176628664
-0.767703772 1.08553302
0.473616511 -1.06950033
0.776607513 -0.145439968
1.07605958 1.08893633
-1.09971559 -1.04391241
-0.473825693 -0.458748609
0.482587427 1.06783974
0.79031384 1.09129274
0.443627626 0.470365018
0.769807875 1.08025825
0.760201871 0.756560206
0.79990381 -1.04758072
-0.173550636 -0.153032631
-0.43107307 0.430288613
1.09181559 0.453430265
-1.1047138 -1.10612559
1.06597936 -0.176583529
0.150419518 0.76167053
-0.156538114 0.48878175
0.50132072 1.11277795
-0.148520485 0.768018067
0.457701683 0.752526224
0.461778909 -0.463915527
-0.484000027 -0.457352191
-0.774664819 0.465049416
-1.06182277 0.151802838
-0.157432228 -0.777355909
-0.440278262 -1.07672
-0.465132922 -0.174978659
-0.470563531 -0.775256574
0.109452002 1.07164073
0.123617366 -1.06606925
0.766867757 0.791384995
-0.490290791 -0.512069941
-1.08732831 -1.05074322
0.777201533 0.180862531
0.132649213 1.0659622
0.158136621 0.430426955
-0.15602152 0.488469929
0.157517716 -1.10435379
-0.493496507 -0.463318437
-0.793847561 -0.756983042
-1.09163404 0.445930898
-0.475797653 1.09244633
0.75657934 -0.146960348
-0.820629179 0.13646701
0.499658406 -0.477749258
1.08853555 -1.10474205
0.192978963 1.09578836
-0.755373418 -0.1527953
1.05078685 1.09034443
0.46259287 0.163709
0.750259697 0.126648098
-0.762602866 0.156901881
0.438180447 0.476197749
0.450273424 -0.469497055
-0.448021233 0.445109218
-0.159656957 -0.74962002
0.160529226 -0.761483788
0.488309413 0.450885415
-0.177899361 -0.760348916
-0.147379354 -0.439323038
-1.07673943 -0.794694066
-1.06652904 0.691039026
0.433612257 1.11682367
0.153801084 0.784618676
0.149595648 1.08434188
0.779053509 -0.463947892
0.802529037 -0.190921009
0.758502424 0.145246893
-0.831545115 0.441694677
0.75172925 0.778210998
1.06117547 -0.144212797
-0.447252482 -0.480773717
0.786494195 -0.796143532
0.447094023 -0.178832859
1.08329415 0.792083383
0.768169403 0.449316949
-1.08746874 0.49734509
0.493888378 0.774147809
1.06048632 -0.76220727
0.784215689 -0.129673719
-1.07219982 0.775155067
-0.450274974 0.150081977
0.131704077 -1.05911696
-0.174597085 -1.10507512
-0.149154574 -1.08983922
1.08608758 -0.157585517
-0.471207589 0.769904733
-0.48291868 -1.08110869
-0.174375549 0.468795538
-0.481020987 0.149402067
-0.802486062 -0.151318491
-0.144941106 0.808618188
0.159804776 0.749843597
1.0915885 1.08494997
0.146153241 0.769496799
-0.146989569 0.150035322
-0.79077512 -0.478738785
0.12883386 -0.18073234
-1.05561543 0.506154776
0.134049118 0.757319689
-0.45295921 -1.07267606
-1.06393683 -0.77767235
-0.143292978 -0.780092955
-0.158725664 -0.140111327
0.477507025 1.05652249
-0.74100703 1.09043181
1.11583102 -0.166485459
-0.457247019 -0.151837721
0.776990652 -0.115615524
0.490042299 0.462892592
0.139592007 0.745150089
-1.08260608 0.745856404
0.121756434 1.09740603
-0.0994184166 1.08655524
0.501886964 -0.442416817
0.496925473 -1.07597637
0.459447116 0.155984908
-1.07336628 -1.09517205
0.13581349 0.439558715
-0.486721933 0.468874305
0.150311232 -0.75875932
0.182241663 0.154224455
-0.430062771 -0.451107621
1.0636692 -1.09977865
-0.456938624 -0.176855937
0.785584867 1.11442614
0.46809566 -1.06133485
0.77123791 0.151838705
0.468178511 1.08456481
1.0554986 -0.47639814
-0.161110342 0.487864912
0.438064545 -0.77736038
-0.123181604 1.07400751
-1.09866548 -1.08963621
1.09071803 1.06784725
-0.772412777 -0.153723881
-0.141419098 0.154616296
0.457226396 -1.08406746
-0.442759871 -0.764001071
0.746928632 0.470598191
-0.419055581 -0.775578141
1.06722391 -1.07907987
-0.790192723 -1.09200263
-0.42430687 1.08984363
0.161114842 0.46788308
-0.175664499 -0.119476818
-0.491043627 -1.0732218
-0.13446039 -0.791954279
0.155601919 0.783137858
0.473990947 1.08216369
0.769062281 0.148267463
-1.13257623 -0.723513246
0.449603617 -1.06159151
0.835247278 0.139738768
-0.13588196 -0.428990453
-1.08138514 1.08563507
1.10552156 0.162809417
-0.170186505 0.431521803
0.484017015 0.478295118
0.770043731 -0.154380411
-0.802085102 -0.471654505
1.10848618 -0.440337688
0.489811718 0.134055719
-1.06383407 1.08974564
0.468818396 -1.07332039
-0.77199465 -0.174441487
-0.48770234 -0.746204078
0.768570364 0.146146014
1.07489908 -1.09025156
0.137987033 -0.151645929
0.14293845 -1.08729029
-0.165086821 0.134583622
1.10663271 0.1474673
0.755006075 -0.160087362
-0.729467928 -0.180295527
-1.09462738 0.151829422
-1.10898185 0.48137185
-0.799871624 0.794034123
1.05912435 0.473253697
1.10277247 0.167340353
0.469446957 0.170302138
1.05193162 0.464888632
-1.07552242 1.1088953
-0.786804914 0.144431293
0.794602752 1.06874526
-1.10866404 -0.458908945
0.73855269 -0.139985263
0.475168735 -0.787230492
-1.08714366 -0.157187313
-0.165243551 0.482041806
1.106264 -1.05928922
0.138436973 -1.05257511
0.159567416 -0.742640376
0.789716482 -0.768160224
0.139466017 -0.478614539
-0.753396988 0.15988332
1.08206534 -0.135131359
0.168498918 1.04704571
-1.09388638 0.730765402
-0.493958682 -0.127925709
-0.793129146 -0.473996937
0.457198173 0.46613431
0.758953571 -0.140112653
0.482448876 0.470080078
-0.147225723 -0.761442244
-0.185850501 1.0627991
-0.124504007 -0.740761101
-0.770260572 -0.425669193
-1.11148548 0.154625624
1.05560017 0.787246644
1.09312689 0.732796013
-0.146723002 0.176763698
0.778665066 -0.142998353
-1.06997049 -0.459854841
-0.768311143 0.790096104
-0.432561547 -1.06367385
-0.155676335 -0.778398156
0.153840378 0.775451243
-1.06600189 -0.47268188
-1.07542253 0.767842889
0.773170531 -0.48115018
0.79339999 0.463479817
1.08162057 1.08301914
-0.405658841 -0.501409352
-1.07659125 -0.168517634
-1.10174215 -0.744871914
-0.455439389 -0.764107585
0.49986133 0.141514093
0.472360998 0.434871078
-0.451344162 0.474200338
1.09552896 -0.45476976
-0.439177334 1.06952858
0.13462463 -0.461003274
-0.76667136 0.181064725
1.07497382 -0.187483922
0.769663513 -0.469443291
0.463695467 1.06496119
0.762734175 -0.155138195
-0.152786702 -1.10510087
-1.03397024 -0.178291738
0.777715266 0.756046593
-0.779865503 -0.449263543
0.765356064 -0.470659643
-0.149240673 -0.155353084
-1.05083609 -0.781563699
0.477390796 -0.781778514
-0.132789969 -0.478381932
0.759306312 0.178817213
-1.06886446 1.10410976
1.09946942 0.196527272
-0.763282001 -1.07452905
-1.05074954 0.464124411
0.788712323 -0.456506282
1.09602904 0.78509593
-0.445993066 0.768936932
-1.07571816 -0.182673499
-0.79321909 0.16832298
0.12511152 0.139250532
0.768527985 -0.482422858
0.110432126 -0.760366678
-0.139519215 -0.162270039
1.08626819 -0.125075713
-1.08045864 0.780797601
0.471231073 -0.453654826
1.02924371 0.800197363
-0.161038682 0.168592945
-0.448064506 1.05586112
0.495107204 0.118298672
0.153627604 -0.757528603
1.10384762 -1.08718264
0.149535164 -0.47327742
0.780553222 0.755600989
1.08362889 0.455689728
0.444646239 -0.202399522
0.439894855 0.771941125
-0.481333524 0.457038641
-0.485188067 0.476855576
0.75205642 -0.791651785
-0.77243495 -0.490944982
1.07716846 0.454897791
0.765728354 0.790947199
0.148983225 -0.164992586
0.756363153 -0.451624662
-0.773570776 0.185917422
0.786603034 -0.757666767
-1.08073938 1.06126189
-0.169777259 0.148784339
0.129379362 0.766872346
-1.06006896 0.154015779
-0.118587211 0.148458183
0.165645599 1.02902257
0.4802396 0.781736553
-1.08055353 -1.10814023
0.750576317 0.478962123
-0.451077074 -1.10520637
-0.436701983 -1.0841099
0.136923224 -0.451728135
-0.781006634 -0.433294952
1.08072972 1.08534813
0.158430383 0.773221076
1.05188799 -1.07377017
-0.769279659 0.442559391
0.779509962 0.45415467
-0.460152298 0.787687242
-0.732912958 -1.06742585
-0.158732101 -0.474724263
1.07003129 0.747893989
0.471107125 -0.786903203
0.756372273 1.06178093
-1.09548116 0.795506299
-0.725985885 1.08634925
0.767898679 1.1252799
1.06370103 -0.753623366
0.813478172 1.08882356
0.152061343 -0.441919893
-0.808987558 -1.06271207
0.453642756 -0.437588871
-1.0050317 -0.158597723
-1.03691161 0.442433864
0.118821509 -1.07157516
-0.78859055 -0.153274059
-0.747891665 0.148492828
1.05287504 -0.755581975
-0.760847867 0.190180838
0.476992935 -1.06687737
-1.06538391 -0.143417314
-0.771233439 0.465507597
1.08542895 0.761522591
-0.170689389 -1.05369937
-0.772571266 0.46563971
-1.091488 -0.477529854
1.06217957 -0.154256687
-0.737660766 -0.122767188
0.477363855 1.08750129
-1.04749036 -0.467009574
-0.430428594 1.06913114
1.0820142 -0.750780404
0.731485248 -0.145744845
0.433748752 0.773384869
0.483094066 1.06603861
0.770624638 -0.460824966
-0.151067302 0.473105818
-1.06154585 0.148814559
0.740642905 0.477271229
1.07359564 -0.44892469
0.155270591 0.423194438
-1.08979368 -0.434629381
-1.08553624 0.442587644
-0.133806869 0.774148822
0.176790148 0.441678166
-0.472405374 0.10520862
0.168336436 -0.14162074
0.793751895 1.066939
-0.802452803 -0.450347036
0.44539091 -0.48038727
-0.450860023 0.459924996
-0.440255523 -0.736557662
0.781283975 -0.455838054
0.470118195 -0.796522021
0.485059381 -0.753360927
0.162430316 0.130635962
-0.110358223 -0.476680994
0.436425269 -1.10742724
-0.425470769 -0.75570339
-0.156054735 0.140720636
-1.05520451 0.763439655
-1.0773747 -1.09743309
1.09970105 -1.11822629
0.773431659 -1.06340206
-1.07540822 0.790222764
-0.788999021 1.08384836
0.153913751 0.779676259
-1.05506337 -0.123555161
-0.755778015 -0.170203358
-0.471805185 0.138939828
-1.07408297 -0.158822477
0.71899128 -0.774025142
-0.155622214 0.48651585
-0.184621051 -0.480256498
-0.429359436 1.0719825
-0.734961927 1.05734289
0.499790013 -0.756497681
-0.769786775 0.196902677
1.08129704 0.772126198
-1.08291209 0.742530346
1.07604754 -0.427727878
0.485787004 1.10311699
-1.06855893 1.0960809
1.05445158 -0.174548626
-0.800260186 0.796192288
0.181160882 -0.147836879
0.761478782 1.07495391
0.137055635 -0.469405323
1.06381083 0.817855299
-1.09374738 -1.09214187
0.459931284 -0.153658032
-1.06845295 -1.10167229
-1.08969259 -0.483202726
0.154386446 0.755502522
0.482969105 1.09025896
0.174010962 -0.467990696
-0.108246401 -0.781732261
-0.467491627 -1.0869019
0.469958305 0.160241768
-1.08770072 0.451559842
0.464283764 -0.144052625
-0.159409776 0.491627544
-1.04206908 0.777193487
-0.778174937 -0.45514223
-0.157391816 1.0615896
-0.160023674 -0.788749099
-1.08484006 0.786833286
0.774679005 0.465013623
0.166688383 0.46545437
-0.773921669 0.780984521
0.429738313 -0.788710415
0.51070863 -0.460660845
-0.150522262 1.06195378
-0.782826185 0.486067146
-0.781987011 0.461733162
-1.09282434 1.08248496
-0.805714905 0.170701876
-0.177260399 0.765913546
0.482131958 -0.424981892
-0.750443578 -0.471465886
-1.08107567 0.161093339
-1.0753026 0.457222313
0.78899163 -0.774051785
0.767197311 -0.160263464
-0.7564888 -0.123891443
0.158087984 0.446630895
-0.789074957 1.07023025
-0.156854466 0.752859414
0.489994019 1.0861038
-0.15391697 1.11459613
-0.124980934 -1.07883883
-0.76366061 -0.778543651
-0.154197633 0.497258633
-0.800680161 1.11857927
1.07510197 -0.478408813
-0.756424367 -0.477485567
-1.08880317 -1.11483431
1.09554255 0.476033926
0.143096179 0.817017138
0.783562601 -1.09110177
1.10206163 -0.763541937
1.07952881 0.789889038
0.778579295 0.148452953
0.757894576 1.11030626
-0.156158954 -0.148145244
0.188394502 -1.04777384
0.764099896 1.04554582
-1.09828758 -0.16176194
0.148633897 -1.05130339
-1.05946577 0.152683809
-0.162685707 -1.09001625
-0.492338717 0.429496527
0.461296827 -1.10340595
-0.166368827 -0.167886108
-0.154029444 -0.764511049
0.454585552 0.4555628
-0.474636436 0.179973707
-0.154993385 0.746158302
0.131031021 -0.467204988
0.467809945 0.162507892
-0.183136582 -0.786090612
-0.105480574 -0.150074139
-0.757611096 -0.159593955
0.449594229 1.07672822
-0.776143372 -0.164083347
-0.483689189 0.452032655
-1.07205784 0.133945286
-1.06819308 0.177106947
1.10491967 -0.150727138
0.488026679 0.753292441
-0.77550441 0.76501137
-0.769699454 -0.162051722
-0.466970265 1.07786453
-0.14990133 -1.06454635
-0.44204402 -0.723168433
-0.154403716 0.470125735
-0.781907797 0.787120044
0.157236233 -0.125194296
1.07151449 0.794128597
0.750805497 -0.137851536
0.451476604 0.15346095
0.44402203 -0.47470668
-1.08121324 0.196571738
1.08071017 0.153904259
-1.11763525 -0.164383382
0.156809211 -1.0478301
-0.757377565 -0.484991878
-1.07372332 -1.09539843
-1.11131537 0.471550822
0.139919147 1.09214008
-1.10383666 1.04064274
0.474959671 0.476700157
1.11910832 -0.459012985
0.782551587 -0.174267963
0.823480248 -0.772128165
-0.460928738 0.822513342
1.0887835 -0.140483946
0.451474279 1.07543409
0.153414339 -0.490736157
-0.20271185 0.490599126
0.784186542 1.09470677
-0.745705605 -1.07081759
0.408294708 -1.05487025
-0.764354527 -1.06325257
-0.463726521 0.479306728
-0.770941317 -0.795116544
-1.09337151 -1.06331503
-0.766310632 -0.777941406
-0.469953626 -0.817990363
-0.164360613 0.114993662
1.08337092 0.75332433
1.06142819 -1.06065202
-0.455542982 1.12339115
1.1296047 -1.10305965
0.125940144 1.04459643
-0.162614882 -0.451396644
-0.49420172 -0.495464653
0.743778288 -1.06700134
-0.770829737 0.454842776
-1.07759321 -0.455262095
-0.768006861 -1.05488777
1.08049047 0.143141419
-0.166135877 -0.443117261
-0.136115596 0.133115649
0.162556916 1.06640995
-0.764851034 -0.187057063
-0.47802186 -0.7916224
0.76182276 -0.734982729
0.760588348 0.772422194
0.476534218 1.06217146
-1.05967069 -0.441687196
-0.437151045 0.787895501
0.119611941 -0.443800062
0.438831538 0.464340806
-1.07209039 -0.776191473
-0.77095592 -1.07797575
0.489015788 1.0923059
1.09610736 -1.12285054
-0.78029865 0.748289883
0.782351077 -1.07445836
0.449418098 0.773623824
-1.07357609 -0.77715981
-0.16940023 -0.750293493
0.444744498 -0.765743315
0.797086 0.117854878
0.797675848 -0.769845545
-0.499399573 -0.745062351
1.13773739 -0.460507095
-0.763194263 -0.140082195
0.486805141 0.47117734
1.0836463 0.779396772
1.07678151 -0.476997912
1.11123991 0.8110466
1.09037638 -0.149215072
0.471313894 -1.09949315
-0.122243986 -0.463160872
1.06563818 1.05949581
1.08342361 0.481856287
0.475434661 0.137685955
-0.465104401 -0.469456077
-0.164690346 -0.479180336
1.11031532 0.458985507
-1.05123222 -0.491973639
1.04994059 -0.167468697
0.777949452 0.442144662
-0.158462569 -0.163990036
-1.05991268 0.747387052
-0.755259156 0.736073256
0.143393546 0.758017182
0.450127959 0.171737403
-0.78297478 -1.07477379
1.07466614 -0.726878107
-0.446888626 0.160742745
0.767943203 0.17037417
-0.174088091 -1.06824887
-0.448559999 -0.177056715
-0.133223817 0.437445998
0.487003833 -1.06472051
-0.155551776 0.149551243
0.479043067 0.490111649
-1.09001684 -0.142022356
1.110502 0.456122845
0.434877336 -0.165275067
0.791002512 0.163291991
-0.472669184 0.486885577
-0.471315503 0.153885782
-1.08936381 1.11596012
1.09235835 -1.08113003
-0.764901698 -1.06784368
-1.04574156 0.458136439
-0.478726834 1.13059127
-0.753947079 1.04073954
0.761926472 1.08299446
-0.132698447 -0.457823366
-1.07447445 0.132243603
0.802465916 -0.12840569
0.768981874 0.780764401
-1.10109055 -0.779574037
0.814888954 -0.748800933
-0.752697766 0.18830511
0.478573769 -0.154423118
1.07702374 0.74904108
0.767147005 -0.765773177
0.761661589 -1.08975053
0.472712785 -0.17070812
1.06930792 -1.07284427
0.733231604 -0.481839895
0.482898206 -0.163107142
0.505166531 -0.168027028
-0.140456542 -0.205292374
-0.79973799 -0.142522275
0.141063154 0.780836463
0.468060642 -1.05036938
0.797965527 -0.137096107
1.07539093 -0.452440709
1.05378187 -1.05188406
1.07990754 -0.463169962
-0.492352903 0.754503667
0.765096188 -1.1122582
0.474781275 -0.150475025
0.469959795 1.07698381
0.757667422 1.06730866
-0.471458793 -1.07104409
-1.09183741 -1.05779552
-0.470825374 1.04897201
0.762359381 -0.16144298
0.780948579 0.138063818
-0.775241435 0.758350611
0.165393203 0.467313588
-0.136834085 1.10867763
-1.05285966 -0.47003445
0.194805861 -0.455093801
1.07751906 -0.759808898
0.798137665 -0.487337708
1.06085873 0.47098574
1.10909367 0.125697643
-0.1333846 1.10893524
-0.777728498 -1.07269967
0.462879062 0.169648871
0.125748947 -0.719556332
1.07857239 0.151804224
0.438661426 -0.178017184
0.183703333 -0.78083539
-0.142233729 0.804281056
0.150778264 0.476491094
0.780453682 0.153233379
-0.465101689 -1.02297854
1.07904673 -0.146730542
1.09161186 0.507024944
-0.164571732 0.164438725
0.435715318 -0.176107302
0.488131642 -0.760269821
-1.0768795 -0.153051838
0.792835295 0.451553822
1.06760895 0.137338325
-0.134416163 -1.10992336
0.732928276 -1.08190918
0.439415872 0.760386765
-0.164306611 -0.463895202
0.129567072 -0.148990855
-0.469510019 -0.453601092
-0.454877555 0.774222732
-0.76355201 -1.05846727
0.443933547 0.143998384
-0.451595426 -0.117969759
-0.444532067 0.162020639
0.464130133 -0.747631967
-0.788930416 1.04672754
-0.484642267 1.08913803
-1.068892 0.199030146
-0.471659899 -1.06955385
0.132897183 -0.788915396
-1.09536123 0.460947096
0.752441108 -0.484508514
-0.426076889 0.449504733
0.448378563 0.142381445
-0.146331728 1.05003846
1.09171844 0.775881946
-0.76893729 -0.780355215
-0.474912703 -0.142958865
0.158134863 0.474337608
0.749324501 -1.05743408
0.761318505 -0.45989114
-0.7714867 -1.07511032
0.168269262 1.08100891
-1.07424462 -1.03266466
-0.779669225 0.132876843
1.07873333 0.429435939
0.155754223 -1.09174788
-1.090204 -0.764998376
-0.768861592 -0.770269692
0.750610471 0.765093386
-0.782829404 -0.450766414
-1.08322608 -0.485018641
0.793977976 -0.183720097
0.749562979 0.742253304
0.479504615 -0.431018889
-0.468925565 1.0830003
-0.1607337 1.08216727
1.09537578 0.74463582
0.773495972 0.171413988
1.10087836 0.175766811
-0.172862038 -1.08334506
-0.788794816 0.14216049
-1.08614075 -0.74244833
-1.08263242 0.483635604
0.175153568 0.498609066
-0.126406983 -1.05998242
-0.415199369 0.779559076
-0.152399495 -0.427605093
0.457180351 -0.148950383
-0.497562051 1.06933713
-0.774692953 0.187336847
1.07952559 -0.157523319
0.495037287 -0.446079224
-0.141909778 -0.432374209
1.09799302 1.06713128
-0.76081574 0.454035699
0.136394903 1.09032226
1.05455065 1.09167063
0.776127934 -1.09963548
1.06919146 0.764043391
-0.181576952 -0.769716024
-1.081797 0.778655708
0.473349273 0.457692593
-0.141249627 0.147790551
0.745999575 -0.800118625
1.11040282 -0.49213022
-0.469937563 0.442993969
-1.04866934 0.766444147
0.143125072 -1.09144783
0.777218878 -0.144962043
1.06884599 0.152662396
1.09199548 -1.06650579
0.747443616 0.73783952
0.463005692 -0.474249125
0.482336223 1.04993081
-1.08193219 0.774909496
-0.754099607 -0.454469353
0.466793448 0.809120357
-1.05473018 0.792435765
-0.432537735 1.12258053
1.06239712 0.147114724
0.772360861 -0.511700213
-0.178207621 0.467643172
1.07734764 -1.10564017
0.146810904 -0.138510898
-0.777439654 -0.436391175
-0.484662503 -0.767493427
0.504984021 -0.473366588
0.466284633 -0.142037064
-1.1055553 -1.10168552
0.157754898 0.439048767
-0.772717834 0.45890972
0.169218853 0.182986677
0.201158568 0.482058138
0.192219272 -1.07509887
0.445066094 0.48077029
-0.76305151 0.746079803
0.465039521 -0.449265003
-0.452110112 0.12382818
0.139037386 -1.09145606
-0.794468939 1.08632386
-1.06364214 -0.454619318
-1.05767405 1.09412432
1.07355118 -0.139649913
-0.0908707827 -0.255216032
-0.843595207 0.816185832
1.06512845 -0.478191674
-0.736314058 -0.790734112
1.09256136 -1.04657304
-0.1730804 -0.165284455
0.145966142 -1.14648616
0.196578935 0.813492477
-0.873336792 0.462439805
-0.405852824 0.349559993
-0.508571923 0.195233077
-0.762620151 -0.496527582
-0.738342345 0.178484529
-1.06555676 0.0747863874
-0.13689363 -0.994974077
0.113554105 0.108818389
0.704476655 0.158613712
-0.0686917603 -0.828210771
-0.76287955 0.923462331
-0.114940934 -0.404893577
0.507047117 -0.121023647
-0.663542509 1.10713589
0.708299994 -0.0461901166
-0.0303716678 -0.732774973
0.487858444 0.722049296
-1.15320897 -1.09946132
0.0946672708 -0.146203488
0.733122289 -0.758376658
0.105136573 -0.420364022
0.160848603 -0.801461577
0.7778157 -0.15650776
0.416868597 -1.10875833
0.4693214 0.134575635
0.263428837 0.521183491
-0.203760698 0.777306676
-1.0595628 1.1042614
-0.194774196 -0.500735581
0.806947529 -0.141383231
-1.08008718 0.798347294
-0.693463862 0.485393465
-0.824557722 1.12595654
-0.214794755 0.534973681
-0.783407331 0.798848927
0.158229098 -0.546338141
-0.739295721 -0.77441752
1.1003952 0.432450384
-1.13090718 -0.752048194
0.106921174 0.189384803
0.724436641 0.529114842
0.815864623 -0.494751096
-0.194865957 -1.11779892
-1.08272862 -0.517425299
1.13297462 0.115089044
-0.134251043 -1.12034976
-1.09680998 -0.414165288
1.11122334 -0.224847555
-1.04036391 0.762530148
0.135583267 0.448513687
1.05809164 -0.545786738
0.0683748871 0.767417133
-1.04341805 0.121070161
-1.02651227 0.115590453
0.176396266 0.437639862
-0.117586292 0.189206153
1.09444726 1.0573262
0.732130945 0.168820292
-0.463570923 -0.442284852
-0.975241423 0.448732048
-0.117873892 -0.135192662
-1.11379647 0.148816645
-0.467797905 -0.101019278
-0.452405065 0.759971917
-0.744767666 -0.467257828
-0.0780274048 -1.0639255
-0.187127978 0.771846712
0.492632508 0.149533689
-1.08561325 0.850343168
-1.092942 0.145108387
-0.829572976 0.0967509523
-1.10679603 0.812770188
0.730175614 0.206952453
-0.150450319 0.115463562
0.20053333 1.0029217
0.682003677 0.446343869
0.807860732 1.0945425
-1.03276086 0.195869535
-0.74769181 -0.246161997
0.508859575 0.192273274
-0.411439419 -0.108990736
-1.10151148 -0.687712193
-1.07706952 1.06183255
-0.495506167 0.155750722
0.836801887 -1.13286293
0.177850842 -0.0294029582
-0.498796731 -0.173724055
0.714019179 1.09299707
-1.05147982 -1.05809402
-0.381541848 -0.885687709
-1.05485952 -0.83404845
0.142920911 0.849199414
-0.12683621 0.394422293
-0.377680331 -0.799595952
0.496391296 -0.242023021
0.503021181 -0.244831935
-1.09432018 -0.0830374509
0.14787963 -0.713141799
-0.13712649 -0.814136744
0.738344252 0.786701739
-0.746803164 1.06100154
0.732345581 0.522937179
-0.0388289467 0.760356963
-1.03322506 -0.182125688
0.467638254 -0.220579863
0.195737883 -0.770605505
-0.750401855 -0.194322154
-0.708305657 -1.08942831
0.12942332 0.487960041
-1.09063387 -0.101179957
1.04172981 -0.751476169
-0.42705372 1.01539171
-0.177427694 0.966187477
0.776643932 0.712029815
1.11837292 0.508918464
-0.814229906 0.539800286
0.283360869 0.750554562
-1.0698365 1.03611231
-1.161798 1.1430465
0.529753983 0.161842421
-0.875007451 -0.788419724
-0.813141465 0.482932508
-0.22679162 -1.01310563
-0.385546058 -1.0925827
0.424300402 0.731037855
-0.499986649 1.11391675
0.178041562 -1.14522779
-0.147238493 -0.162231803
0.129357249 -1.05001032
-0.841345191 -0.388947874
-1.14824235 -1.13389742
-0.0479141362 -0.813501894
0.189445063 1.1153568
0.85024029 0.131578133
1.05159616 -0.779536545
1.11643279 1.07537079
0.490116864 -0.413688302
1.15565097 0.0587536469
-0.442645997 1.10852897
0.780879319 -0.805970013
0.176852673 1.0853374
-0.841044366 -1.06570709
1.07754946 0.0881357491
-0.785271585 0.78029418
0.872641981 0.797202051
-0.17449823 0.850248992
-0.707084894 -0.484752417
-0.375528783 0.142165095
-1.09649205 -1.07757533
-0.20330964 0.236835659
-0.820769966 -0.381366968
-1.05610108 -0.808448017
1.04826772 0.36313048
0.771009386 0.749253213
0.481576592 -0.392324835
0.775729835 1.06867075
0.0763640478 -1.13104129
-1.17269981 0.796591043
0.14425762 0.118282683
-0.776179433 0.48927319
-0.186861292 0.535221696
0.216361612 -0.175490588
0.513605237 0.144717887
0.46483916 -0.824946344
-0.782790542 -0.768511355
0.806783617 0.858693302
0.158401623 0.829536259
-0.826146603 1.11875486
1.13524067 0.756735086
0.441278547 0.425964087
-0.210716382 -0.153173208
-0.190073878 0.164849415
0.391830534 -0.510745466
-1.0611341 0.443967491
-1.05619133 -0.73802191
-0.553022981 -0.392167002
-0.683881879 0.0385449007
0.181182265 -0.490864724
-1.05392098 -0.466034919
-0.289755344 -0.796784639
0.877692401 -1.12766039
1.20262277 0.741286337
0.503970444 -0.685647964
0.772955954 0.798797548
1.03998148 0.706189394
-1.12438476 1.07016134
1.00276947 -0.980767429
-1.12196016 -0.422511011
0.191535667 0.101367548
-0.123746365 1.08030474
-0.736933887 -0.484895647
0.881490767 -0.458993822
-0.44768095 -0.819721103
0.415544182 -0.135055095
0.516296029 -0.39584738
-1.04718935 -1.08298254
-0.750855446 0.46919167
0.758529067 0.192049801
0.21436666 -1.10706663
-0.752219081 -0.850911975
1.15579748 -0.213457927
-0.750673532 -0.112241238
0.410257161 -0.131897524
0.135511473 -0.100713387
-1.01056111 -0.431652695
0.441541642 1.07818782
0.132032052 -0.787282467
-0.395881444 -0.78867805
0.153886333 -1.09210861
-0.828112185 0.712256134
-1.13819218 0.386355281
-0.152534291 -0.221154779
-0.4366436 -1.09382081
0.483535796 -0.507813632
1.06572747 -1.10829961
0.994808912 1.05140102
0.828967273 -1.11695063
-0.141739935 0.39512825
0.145051226 1.12487864
1.10073936 0.690633893
-0.844167352 0.138498604
0.714103281 -0.801882148
0.768443525 0.173757091
-0.185132235 -0.412934482
-1.04684639 0.107251987
-0.1660344 0.811956406
0.457817703 -0.51345557
0.478617191 0.110037908
0.474146217 1.05953515
-0.46004352 -0.831749558
-0.16886124 -0.785645604
1.06584406 0.163846552
-1.05551815 0.514878809
0.122632071 1.1253773
-0.210920736 -0.713715255
-0.815307677 -0.212322816
1.12806976 0.485941261
-0.484227866 -0.13839604
1.08833373 0.130201951
-0.147303134 0.287452281
-0.373202801 0.678305745
-0.811212838 0.777045548
0.210963324 -0.528723121
-1.1237514 0.769577265
-0.740416348 0.488559335
0.85511595 -0.75927943
-0.408082873 -1.03677714
-0.762494862 -1.0489825
-0.375168353 0.81150496
-0.208903223 1.0649097
-1.08128417 0.134643957
-1.10124314 0.442295909
-0.395478457 0.114576153
0.155780137 0.347765714
-0.462846965 -1.05053449
-0.734269083 0.754554987
0.717299104 -0.686405182
-0.362586647 -0.459630817
-0.5072366 0.164508507
-0.779451907 1.0080173
-0.465062678 0.779451907
-0.73898083 0.466268837
0.816758096 0.735671759
-1.09415472 -0.482422143
-1.11745787 -0.456837744
-1.02188408 -0.853150845
-0.0884420127 0.354253173
1.08458078 0.237634346
-1.21505713 -1.09111214
-0.0914401412 0.774772167
-0.0665441155 1.03384769
-0.850565135 0.508828402
-0.184762716 -0.996186733
0.202288866 0.718880057
-0.11818298 -0.102968
0.151807457 0.852854967
0.987699628 -0.835012496
0.47951594 0.72055763
-1.04933786 -0.444088459
0.108550563 0.193523675
-0.461048901 -1.11454093
1.07454622 0.51404345
-1.06515777 1.11829042
-0.189736858 -0.555383861
-0.057893429 0.432919502
-0.840239346 0.731033683
-0.784836233 -0.065240711
-0.419841737 0.724914849
0.790064514 0.163950741
-1.10691333 0.427553684
-0.516507089 0.843979597
-1.12415636 0.453535825
0.491086304 -1.16014683
-0.456110239 0.149122596
-0.201096222 -0.0944795832
-0.565644562 -0.491144836
1.10396075 0.786243975
-0.465423793 -0.794334412
0.506180882 0.090095982
-1.19980586 -0.755072057
0.802355766 0.51646024
-1.11535406 -0.059903156
-0.44343099 1.15889823
1.04760027 -0.20368287
0.466159493 -1.10443079
0.992653906 -1.10193217
1.12618351 0.457748175
-0.412722617 -1.08258784
0.138097048 -0.734848857
0.364991456 0.816714525
0.220957726 -0.191816509
0.828160524 1.13391507
0.784453869 0.463103652
-0.722095966 0.46014598
-0.51134944 -0.728927016
0.249330148 1.07384002
0.463402838 0.782874048
-0.319820434 0.507725477
-0.790192842 -0.127797112
1.10981429 0.12862663
0.140841991 0.452884823
0.473330289 -1.10612369
0.422825396 0.196140781
0.457930088 -1.03491735
-1.05443037 -0.482081831
-1.06006253 0.255923003
-0.107834227 1.11189723
1.02355838 -0.0927181095
-0.714858234 1.12972999
0.357357472 1.06195998
1.06209922 -0.0891842917
0.781440139 -1.10554934
1.01973379 -0.504297197
-0.30020529 -1.06528044
0.455068529 1.09303439
0.439553082 -0.817383647
-0.121283166 0.14982377
-0.739067137 -0.30187878
-1.15838647 -1.0730617
0.480036736 -0.109831765
0.756940901 0.727823257
0.43091625 0.777377784
0.821403861 0.147266701
0.128291294 -0.741412997
-0.419645995 0.755291045
-1.08886874 -0.775341749
-1.16277051 -0.464016765
1.07551837 0.241486505
0.403036267 -0.105777629
1.03642285 -1.09049678
-0.252414078 -0.736570299
-0.49030453 0.75020659
-1.02644384 0.400786191
0.18280369 0.175776213
1.08929849 1.08939183
-1.10761845 0.145267501
-0.539663076 0.112220168
1.06774402 -0.212946072
-0.449190885 -0.761820972
-0.484210581 1.10317469
1.03210902 0.480964214
0.815823376 0.174220443
-0.107299864 -1.09872162
-1.03849685 0.445676893
-0.440194309 0.735672057
-0.451878607 -0.805459678
-0.425664246 0.0873552486
-1.21314347 0.129183173
0.474118352 -1.05564642
0.812990785 -0.237105533
0.465826541 1.10693228
-1.12897062 -1.07334828
-1.08855999 0.132526726
0.303182393 -1.17697537
0.526732326 -0.188178226
-0.200817063 0.819447637
-0.111745693 -1.13919473
-0.0647525862 0.746511281
0.41944328 -0.529415727
0.474134326 -0.428198755
-0.838421226 -0.7730757
0.455959946 -0.168572292
-0.752976656 -0.751321316
0.819672585 -1.07846689
-0.215639651 0.530970991
-1.1134913 -0.478512883
1.10986638 -1.06983995
-1.00810099 0.45825398
0.503035784 -1.19542503
-0.396861851 0.156129688
0.144515768 0.444041044
0.262611955 -0.810975969
0.101559922 -0.450985968
1.07418168 0.767424583
1.09843183 -1.1460588
0.982667685 0.75818789
0.981278956 -0.179078206
0.242494047 0.462782443
-0.44681266 -1.04238701
1.1266284 0.141974375
0.0915552601 1.08094144
1.00080693 -1.04277766
-1.17118669 -0.839818656
0.443064779 -0.197184637
-0.826426446 -1.17922747
0.164963812 1.18412268
-0.710649252 0.0938314572
0.167040095 -0.786139488
-1.05571759 -1.05851185
-0.25510478 -1.09879899
0.698489666 0.113923185
0.881900549 -0.211660355
0.16106081 0.133731619
0.126495063 -0.771793544
0.374105662 0.706798971
-0.348666161 0.120500714
0.082079187 0.874976695
-0.806084812 -0.759279728
0.439029962 -0.36085844
-0.517003834 -0.109966926
0.792718768 0.717256665
0.815721571 -1.01208663
0.515456319 1.07443249
0.464806139 -0.451043606
0.467439622 -0.770132124
0.973490596 -0.536221623
-0.214480937 -0.851215184
-1.13788962 1.1317879
-0.13643162 0.162075549
0.0972221717 -0.474249959
-0.120130934 1.13502705
0.442207485 0.738742888
-0.229334027 1.11229908
0.777891159 1.1959759
-0.709057748 0.363666028
0.194258034 -0.0534960479
0.705446184 0.756130517
-1.02161252 -0.486821562
-0.491818935 0.526027739
-1.04864061 -0.48187232
-0.786210656 1.10028648
1.11208987 -0.798228681
1.0122155 1.0901438
0.146254346 -0.958854616
-0.482939929 -0.780763507
-1.01658785 -0.842112005
-1.12661242 0.439509839
0.446953923 -0.765150368
0.706811488 -0.194243923
-0.463143468 -0.466834188
0.483056426 0.0701138377
0.0646549463 0.398602605
0.407058746 0.704862058
0.189735338 -0.460348696
-0.74203968 -0.44897756
0.511557877 -0.139644742
1.15445793 0.760161042
-0.459576219 0.180968791
1.02829373 -0.511211157
0.831550658 0.722229421
-1.03455508 0.117726892
-0.514240384 0.480317384
0.103497006 -0.779009759
-0.132671222 -0.0657954216
-0.457281768 1.05989218
-0.707974315 -0.448869556
-1.0612874 0.749618709
-0.14535217 0.437783152
0.119297244 -0.515229702
0.56241107 -0.766035259
-0.773777425 -1.07430112
0.452964216 -0.775355518
1.0892477 1.09274054
-0.785557806 1.07491231
0.755636334 -1.10220134
0.463905931 0.816583276
0.469236821 -0.397770762
-0.170757145 -0.843352556
-0.161779895 -0.165166959
0.724265456 0.763390481
-0.786013782 0.487273991
0.582769334 0.490801454
1.11567938 -0.741938233
0.77586621 0.540350974
-0.112515122 -0.160207659
-0.439489543 -1.05007482
-0.823033631 -0.456864059
0.180307746 0.650024593
0.71320188 0.422817558
1.18817961 1.15665638
-0.158831626 -0.775685132
0.170155853 0.528861105
1.04599047 0.132157043
-0.813707113 1.12385857
-0.137808904 -1.08805895
1.10712302 -0.729653299
1.02395475 0.433028996
0.775250971 0.798134983
0.976614475 0.0955996588
-0.143534154 0.164973035
1.04749346 -0.751308441
0.769087851 0.406032294
1.14542532 -0.377319545
0.218148291 0.743790567
-0.720869362 -0.149520844
-0.765271187 -0.980518222
-1.09882987 0.733310878
0.832547486 0.474830836
-0.447136104 -0.807931244
-0.0913812071 -0.761819482
0.832186222 -0.77510792
1.10443401 -0.788901389
-0.510177255 0.0584655069
-0.514991701 -0.464746803
-0.730640113 -0.490337253
0.711913288 1.0962702
0.803961039 0.127267838
-0.23996222 0.429911435
0.149812192 0.756328583
1.01644158 0.754177868
-1.06724823 -0.212666988
-0.20622389 0.866584063
-0.771070242 -0.121666297
-0.500110328 -0.247229725
-0.196320504 0.0754451379
-0.482254744 0.206211761
0.468238384 -0.124878809
-1.12327421 0.771213472
0.428564608 -0.747757196
-0.463266104 0.847519517
-1.12809253 0.445027858
0.102869935 -0.358340412
-1.06092715 0.844425976
-0.177161291 -0.3973023
0.177403405 -0.445660383
-0.484184265 0.464031965
0.20325543 0.159601718
0.846592128 -1.06669915
-0.127206609 -0.743048072
0.462964386 0.136013836
-0.183823988 0.743176103
0.823340774 0.55735153
1.05946743 -0.0954708531
-0.724978149 -1.05392992
-1.09110749 1.05190396
-1.04463983 -0.42275846
-0.804012716 -0.498589247
-0.873256147 -0.425479472
-1.05157399 0.766104341
0.130684614 -0.206525117
-0.964970231 0.481801957
-0.822171032 -0.808812797
0.501999855 -0.214059994
-0.0718541071 -0.6980685
-0.13124679 0.809646964
-1.09464669 0.807761967
-0.987080574 1.06189442
-1.09338462 -0.38710779
-0.0871482268 -0.125563532
-1.2348336 -0.494369
-0.142774358 -0.108652137
-0.472633928 -0.829902947
-0.496251374 -0.778686345
0.402567416 0.832215667
0.408944368 -1.11487389
-0.0747317895 -0.560419858
0.152026936 -0.744370282
-0.150267571 0.423320383
-0.11462523 -0.839011371
0.185274631 0.757314384
-0.84365654 -0.411148578
0.527251244 -1.04644608
-0.173271224 -0.40012008
0.517885268 -1.10630333
-0.195842862 0.728799701
-0.194868073 -0.496268511
-0.774986207 0.518892586
-0.703734756 0.0897746235
-0.477421105 -0.415798187
-1.04209578 0.826407135
0.171691537 1.03155529
0.674819589 -0.48860836
-0.178412318 0.806051433
0.98025763 -0.709586143
-0.164882675 0.461054951
0.154503897 -0.477910101
0.1568598 0.768903315
1.04024911 0.869192064
0.586292744 -0.439957023
0.511813462 -0.105241723
-0.447939306 -1.04260719
-0.503148437 -1.0792762
-0.551912606 0.414920419
1.06570911 1.07511342
0.153851673 -1.10865521
-0.457919955 -0.183291346
1.03898144 -0.423666716
-1.12048054 1.07507777
-0.181050822 -0.575502098
0.47508049 -0.802585423
0.137381598 -1.05708599
-0.45262602 0.549330831
0.762512922 0.146498412
-1.17977548 -0.506602883
-0.72359854 -0.536627173
0.995604813 -0.809815407
-0.828085184 -0.781656504
0.157279149 1.13779986
-0.237085626 -0.172636792
0.744843543 0.217073306
-0.516151786 -0.0826346129
-1.04131532 -0.539461434
-0.73593998 -0.411473572
0.850699961 0.222662076
0.162285641 0.47369647
-0.452789843 -0.130874887
0.130229935 -0.507557452
0.0858387277 0.784392059
0.507738888 -0.15763247
-0.446829796 -0.128955975
0.137916729 1.13096905
0.168101907 -0.995022416
0.740252018 -0.43884474
-1.02237856 -0.462686181
0.687407851 0.554553986
-0.521991909 -0.371907204
0.410584509 0.804685295
-0.773999155 -0.0912079737
-0.19726254 -0.448175192
-0.993393183 0.736416996
1.0530951 -0.406721473
0.768910408 0.469389826
0.404222041 -1.13821316
-0.177914605 0.383908898
-0.499375671 0.750534356
-1.08553243 1.17381454
-0.55731535 -0.501657546
1.01000166 0.137909308
-0.994578004 0.628066301
-0.816796958 1.07192242
-0.775135934 0.468599528
1.15049076 -0.502733409
0.138062671 0.143141374
0.505670607 -0.466145784
0.795966089 0.794061482
-0.787274897 -0.123763464
0.491162866 -0.553488016
1.15897 0.835770786
-0.438938558 0.453822434
-0.440577477 0.910678566
-0.492091984 1.16578531
-0.132844895 -0.478744328
1.07908499 -0.179585651
-0.516279101 1.00736976
0.40879941 1.15727615
-0.512596548 -1.17069745
0.792803884 -1.07793415
0.747090638 0.501692832
-0.779163122 0.161152691
0.0841517001 -0.793337524
0.216610849 0.454588175
1.0119921 0.424954146
-1.01025081 -1.10082138
-0.756357253 1.11048222
0.425954014 0.496609151
0.513421535 0.487247497
-0.736706913 -0.130183145
-1.09438634 -0.130698696
0.796061337 -0.447539687
0.864524603 -0.139113247
0.464313298 1.10212779
0.17371951 1.11388266
-0.454776496 -0.482810766
-0.482258111 0.412052751
-1.08477938 0.398549557
0.818914592 0.222214103
0.780424356 -0.49070707
0.16310209 -0.530573308
0.821351826 -0.218342155
-0.480370551 -0.149217024
0.216447294 0.793828428
-0.735622227 0.747201622
1.09996533 -1.11325943
0.166287005 -0.167567253
-0.793595254 1.0850141
0.404620349 1.13619399
-1.09664798 -0.11083582
-0.759843946 0.0963519365
-0.189552888 -0.52924788
-0.819500983 0.396872073
1.10260856 -0.425747335
0.129292518 0.710421741
0.189982563 -1.03336048
-1.05768025 -1.07494819
-0.491060525 -1.10048139
1.06751895 0.796106637
1.11979973 -0.79173702
-0.198450744 -1.11322963
-0.738714874 0.662421167
-0.457153648 -0.769156039
-0.759624302 -1.11018836
-0.719528973 0.796656847
-0.177372888 0.426463187
0.0475218482 0.129340112
0.458334088 -1.13093245
-1.05661309 0.500127554
-1.12067688 0.49906069
-0.931697071 -0.39850536
1.08381319 -0.0719223469
-1.09484923 0.885166526
-0.455908239 -0.154642224
0.878135502 0.125858173
-0.478099525 -0.564985037
-1.00547636 0.412318259
1.1160605 -0.186004773
-0.862618983 -0.390848339
0.633340418 0.95477885
0.618354917 0.79031527
0.120732412 -0.118232287
0.551622272 -0.46704486
0.196312845 -1.09847903
1.1990416 0.138717309
-0.486522019 -0.100053735
1.00237536 0.443232268
-0.220380247 -1.05288589
0.405986398 0.48805958
1.05973005 0.386758536
1.14525056 1.14987898
0.967490256 -0.124476567
0.0975717008 0.46164009
0.829592407 0.17454201
-0.160087049 -0.0929415897
0.486159056 0.0985842347
-0.497843742 1.08411288
0.644133389 0.826811671
-0.143948242 -1.05435586
-1.08976889 -1.09259367
-0.149030358 -0.802022636
0.16093801 -0.750225008
1.09355044 -0.759793341
0.155274585 0.73786217
0.172000378 0.417883307
0.40887174 -0.492406249
-0.0594229102 1.00197256
-0.407518417 0.441359192
-1.10382545 0.453078568
-0.209521875 -0.742578328
-0.407292724 -0.47569409
0.824950397 -0.420942992
-1.1130836 -0.800104678
-1.12790751 -0.911943853
0.795611978 1.10422802
-0.879192412 -0.811128974
0.455453634 0.448864877
0.129507959 -0.226579681
-0.376371413 0.843007147
-0.819646358 -0.365190357
-0.137223288 -0.723953009
0.42252332 0.400378227
0.939885437 0.348824292
-0.987582386 0.422470123
0.395487279 0.121788174
0.71680969 1.09585488
0.514894009 -0.726991415
-0.135458782 -0.99777019
0.731902003 0.399703175
-1.11032319 -1.04919708
0.145854548 1.11076033
0.391998559 -0.463095486
0.445553333 0.0690169409
-1.09409916 -1.11418128
-1.04012144 1.13758123
-0.414070219 -1.12832105
1.16337013 0.184993729
0.517642081 0.115283117
-0.731815755 -0.490485907
0.473433346 1.10988486
-0.797707558 0.258433223
-1.11863232 -0.690792024
0.163397834 -0.469658673
0.77476263 0.186863974
-0.788070738 0.191824317
-0.214088395 -0.748892069
0.184458017 0.464556038
-0.18589507 0.501853645
-0.724826455 -0.409759015
0.141651809 -0.124605834
0.858616114 0.788496494
0.781520724 0.454520375
-0.128765285 -0.497835755
-0.511674643 -0.503928006
1.10347652 -0.753695548
-0.433960497 -0.692761064
0.15362072 0.0949184299
-0.182786867 -0.22253643
-1.1163466 0.811358571
0.856736064 -1.05737209
0.0786116049 -0.867817998
0.138724193 0.120778829
-0.190456927 0.179444492
-1.02041388 -1.13952267
-0.148963109 1.14550924
-0.188355654 1.08605111
-0.855098307 -0.166779503
0.501599371 -0.718257487
-0.0919033214 -0.777463138
-0.478185564 -0.770540714
-0.438804775 1.07222664
-0.442625105 0.140082955
-0.426685065 -1.12506735
-1.07114208 0.851727068
0.586107612 -0.317735255
-0.14314951 -0.405327529
0.162832513 0.673002303
0.44034493 -0.741808772
-1.00039899 -0.261808157
-0.947870612 -0.742549777
0.59423095 1.19576311
0.276055217 0.161522716
-0.747290611 0.457609236
0.537279308 -0.762813747
-0.83029902 -0.0451906584
1.00846243 -0.581947923
0.866725743 -0.146945328
0.58080399 0.605913699
-1.09457386 0.242495149
-0.264367193 -0.703770041
-0.672592103 0.112214044
-1.13761783 -1.1959393
-0.442043871 0.342875332
-0.651153803 0.762468934
-0.128871605 0.46313107
-0.84340179 0.556099296
0.396130592 0.485637367
0.892443359 -0.85911727
-0.147021204 0.267561197
-0.151283279 -1.14052248
1.14624929 1.07935119
-0.717384219 -1.103176
-0.254837632 -1.18810844
-0.527857959 -1.01049542
-0.49320972 0.60935533
-0.463035852 -0.961624801
-1.07128716 -0.120171949
-0.707573354 0.379474193
0.230474263 -0.405356854
0.927093387 0.902803898
0.224650368 -0.400938213
0.691339076 1.06846189
-0.519192338 -0.193254739
0.369135767 0.988198161
0.77194041 0.253355622
0.255050957 -0.495842129
1.08495283 1.22484052
-0.771536529 0.85975641
-0.0145665556 -0.13678728
0.517608702 0.624616265
-0.425887108 0.680891454
0.657874107 0.670687556
0.93190974 0.954475224
-1.0699234 0.788756669
0.680393755 0.237137884
-0.308114052 1.15867531
-0.460325301 0.925498128
-1.15068412 -0.645178914
0.707430661 -1.15305233
-0.869062543 -0.16990146
-1.11188066 0.145404473
-0.86522764 1.05232561
-0.447174489 0.416415751
0.847318113 -0.633817792
0.751749814 1.16524005
0.864809752 -0.180025741
0.658247173 0.415486842
0.669151902 0.794383407
0.700959623 -0.175133228
1.03514171 -0.0916165784
0.301509053 1.26116729
-0.204113439 0.756635845
0.669952869 -0.309290618
-0.706175387 0.243617848
-1.39654469 -0.158065736
-0.063821055 -0.487420976
-1.3071202 -0.875548065
0.694279492 0.835238218
1.01138854 1.00938833
0.955064952 -1.0857656
-0.929468393 -0.588683724
0.60896337 -0.613497198
0.129618019 0.438937575
-0.223580256 0.0824202895
-0.251004487 0.607748389
1.1073035 0.73670435
-0.425533384 -1.01070154
0.813068032 -0.381919891
1.30573332 -0.226014331
0.541200876 0.301567376
-0.384750456 -0.986844182
0.473620951 -0.910833418
-0.742696583 0.131656453
0.184105679 -0.959682345
0.499222726 -0.657570601
-0.729625046 -0.728137612
-0.215623409 0.714428306
-0.997015655 -0.768857062
-0.291290581 0.278919429
-0.310046077 -0.999416173
-0.48585692 -0.639622271
0.347145617 0.677340567
-1.02401745 -0.997192442
-0.46639365 1.09014249
1.22639215 -0.682332158
0.0971939862 0.0899074078
0.583995998 0.881781757
1.01014268 0.126435637
-0.508059978 -0.762792647
0.309161752 -0.119328804
-0.395933539 0.614208341
-0.278791636 -0.673262
-1.11952412 1.20098639
-0.247891605 -0.629576385
0.995669663 -0.390424997
0.77158308 -0.599685967
1.21354914 0.991806507
0.888923764 0.469585001
-0.0217162557 -0.793553293
0.0120209297 -1.01536608
-1.05098462 -0.155483857
-0.365502894 0.705847621
-0.699629307 1.12782812
0.721753716 0.96466738
1.04884982 -0.913665056
0.380053461 0.0651415661
-0.171201661 0.67329073
0.366780549 0.722989142
-0.829711497 0.666811109
-0.848600268 0.00903389789
-0.875171304 0.503824413
0.805747747 -0.248505101
-0.945201039 -1.2479769
1.05909312 0.954736412
-0.604691148 -0.745708227
-0.435637861 -0.618285954
0.189785466 0.293928027
0.237562731 0.0904594958
0.602640271 0.0963262841
0.287777692 -1.08693659
0.245275557 0.443924695
0.463574916 0.522527456
-0.553962111 -0.586419463
0.0552261472 -0.863566697
-0.954131603 -0.833205998
-0.059288308 0.614664674
0.122492023 0.332999557
0.768203855 -0.811831653
-0.822330296 -0.728873372
1.05908585 -0.494283497
0.196386576 0.35130918
-0.120515913 -0.0816375017
0.017193174 -0.126014248
-0.838104427 0.267836362
-1.00605488 -0.667580128
0.144430324 0.773239136
0.57145679 0.864257634
0.0673533529 -0.712627769
-0.464590758 -0.735327482
1.14619577 -1.07149923
-0.29900682 1.197698
0.260269105 1.26055086
-0.437636167 0.626568079
-0.885797739 -1.04628277
-0.800633907 0.618662059
-0.942688286 -1.13946021
0.533940554 0.366645306
0.458595037 -1.21718931
-0.935111761 0.81766361
1.00172436 -0.472367048
-0.365239829 -0.496479601
1.16307175 -1.10553956
-1.21285295 -0.556441605
-0.930875421 0.740454674
-0.355741501 -0.853812277
-0.717375815 1.05803788
-0.42582655 -0.834581077
0.899468243 -0.759970129
0.200997159 -0.436574787
0.852885008 0.136864439
1.21362984 0.92285341
-0.381169915 0.188222915
-0.872241616 -0.18151544
-0.70187211 -0.0847735032
0.312364906 -0.146482348
0.949158728 0.319718808
0.287268519 0.119909018
0.415900022 0.726794481
0.454169393 0.064183794
-0.560100377 -0.519816697
-0.422170073 -0.102188721
-0.905630052 -0.53259325
-0.323064983 -0.0923293233
0.188828275 -0.678957999
1.08602452 0.147496209
0.786450922 -0.978258312
-0.0819180235 -0.852275431
0.429684043 -0.646512032
0.16600056 1.1889652
1.11749613 -0.123199582
-0.707164705 0.816525638
-0.81896013 -0.0637484714
-1.11962426 0.952814996
-0.764893591 0.97876972
1.12590039 0.151529312
0.108264528 -0.413570344
1.17814898 0.434528977
-0.131331623 0.848310173
0.759542942 -0.701919258
0.864104748 -1.10092354
0.318042219 -0.430949867
-0.268036216 0.132966891
-0.0845985338 0.972105443
-0.991221368 1.04289103
-0.242047697 -0.391032845
0.074646987 0.235663742
-1.07948685 -0.482507557
-0.993936419 1.03538907
0.417289913 -0.0963355601
-1.1890111 -0.555562735
0.777004123 0.0359777436
-0.297337472 -0.829059899
-0.296079874 -1.0847156
0.188835546 -0.349676907
-0.0552845001 -0.465220332
-1.18388629 0.186608523
0.655766964 -0.656820595
-0.577163279 0.714093864
0.701420426 0.235228956
0.146075755 -0.619611323
0.288289338 0.238036603
1.19325018 0.491650701
-1.02192318 0.157366529
0.318308234 -0.365016729
-1.05683517 1.1047374
-1.08034658 0.402855575
1.09654117 -0.0702810511
-0.369178116 0.350343198
-0.799683988 -0.139628321
0.791481733 -0.393398404
-0.760420501 -0.516208768
0.0549281389 -0.474368602
0.716011882 -1.06816924
0.490285724 0.433648348
-0.460030556 -0.89877373
0.0577671081 0.418457776
0.565073371 0.524732709
-0.861480176 -0.35733974
-0.157471716 -0.216642827
-1.1571517 -0.738417923
0.998077214 0.293975085
-0.0962608457 -0.710029721
-0.888950527 -0.0446596071
0.752605557 -0.422125936
-1.09251916 1.01581144
-0.818422139 0.312484622
-0.156542704 0.64589566
-1.01910031 -0.150271282
-1.12415195 0.171883613
0.503016114 -1.04217994
-0.279425919 0.866162241
-0.660574853 -0.199946105
0.517176569 0.266250849
-1.11544859 -1.29907787
-1.06221187 0.135809049
-0.998657882 -0.147558287
-0.727794528 -0.423355997
0.826095283 0.0011353126
-0.216371477 -1.07091033
0.445300817 -0.344142705
-0.43711558 -0.430965751
0.36909765 -0.488869727
-0.158684507 0.61740303
1.03516281 -0.362319559
-0.0489321835 1.05833101
0.934131563 -0.853841841
-0.501644075 -0.986202598
1.13754547 -0.101485081
1.113361 0.903250277
-0.277001917 -0.255168825
0.759344518 0.381992519
0.279633105 0.172994375
-0.525268555 0.28588894
0.213229388 0.911381602
0.829160094 1.05175292
1.00293529 0.713241816
-0.64379859 0.170298785
0.173187226 -0.246875614
1.12800252 0.386699021
0.723641574 -1.14486873
-0.201802656 -0.456932336
0.143197253 0.516734123
-0.478513539 0.734024704
-0.246786505 0.394159704
-0.750270009 -0.360507905
-0.915433586 0.0861003324
-0.0610675253 -0.716886222
0.241438121 -0.403971225
-1.2578001 0.0741857514
-0.562116444 0.717606783
0.258889019 -0.727891684
0.351396888 -0.643643856
0.940944433 -0.643340588
0.724601746 1.13116741
-0.758230686 0.00288025057
1.06923652 1.01206577
-0.553707182 -1.24516404
-1.06801486 1.03769624
-0.491771996 0.79794091
-0.329415619 -0.274733156
0.175542891 -0.179748848
0.770066619 0.160262331
0.245133519 -0.551422238
-0.752584636 1.06681275
-0.294901073 1.32835245
1.0918963 0.445278049
0.695468545 -1.08783007
-0.594584048 0.973530293
-0.508501947 -1.01210165
-0.313720882 1.17813861
1.00454628 -0.632681489
-0.966332018 -0.520488024
0.569505155 0.999175608
-0.407076985 1.23240602
-0.952403009 0.151202813
0.166219175 0.151044488
0.479638785 -0.376233906
-0.693960547 -1.05324483
-0.827207625 -0.907223344
-0.304757506 -0.352224201
0.333925247 0.180594265
0.728941023 -1.32701719
-0.601681948 -0.240731925
-0.904401302 0.41164124
0.209988609 -0.350055546
0.477650464 0.0771609098
-1.1594789 -1.08405578
1.18116069 0.193678126
-0.375795335 0.161499768
-0.354460329 -0.0198018551
-0.542048573 -0.452366948
0.776311219 -1.00096703
-1.13228369 -0.710854053
-0.526498973 -0.399199635
-0.865214169 0.400307506
0.894771755 -0.94043225
-1.02229512 -1.10396063
-1.02981007 0.79564482
0.769336343 0.480738848
1.06757259 1.14737463
0.32311821 -0.949268341
0.995677233 0.576806307
-0.653377473 0.320682764
-0.0714674219 -0.917001724
-0.954778075 0.137158304
-0.725548506 -0.821778655
-0.421938151 0.779715955
-0.0187545791 -0.520433545
0.50517261 1.13096416
0.575865567 -1.12538397
1.04280853 -1.01582146
-0.00995036867 -0.5919258
-1.13447344 0.444354475
1.08856797 -0.267200798
0.573620141 1.14633131
-0.623416901 0.491249293
-0.385120928 0.119088687
0.060271129 1.04480696
0.100946233 0.773863077
0.286310881 -0.431132913
-0.571599901 0.292011678
0.343411416 -0.760262609
0.478179455 -0.778295279
0.413904846 -0.686395645
0.959827125 -1.04792559
0.212502822 0.669409037
-0.118209638 1.21601117
-0.130162835 0.935576975
0.143192008 -0.338923484
1.02245533 0.65847522
-1.24947405 1.14518619
0.624129415 0.577949464
0.909001112 -0.518930256
1.03947246 0.0230816174
-0.706443548 0.0870981961
1.02411973 -1.01442063
-0.9921332 -1.03622019
0.772642791 -0.410577685
0.904024661 0.263980985
0.777701259 0.0211150106
-0.306078076 0.164578095
0.470074683 0.453375667
-0.740656376 -0.885047555
-0.339345127 0.405934483
0.925354838 -0.0771167651
1.00123763 1.08436465
-0.0352641903 0.249521956
-0.0971920341 0.93211478
-0.613121271 0.856550753
0.213944376 0.173673272
-0.776030242 -1.12215102
0.910954893 -0.132471457
-0.743167996 0.556866586
0.419887692 0.0737142712
0.784558892 0.892895818
-0.841648221 1.14714956
-0.221520334 -0.318912476
-1.03017282 -0.743712187
0.725204825 -0.284780532
0.479715109 -0.656198621
-1.18923831 0.384394377
0.138643399 0.945768237
0.773102999 0.452699363
-0.861429214 0.10833358
-0.540213525 0.743844807
0.0336225294 0.500890076
1.05053759 1.17537093
0.352838397 -0.208269089
-0.543209851 0.966330588
-0.244864002 0.816507101
1.0778507 0.631083071
-0.866976559 0.8441329
0.164797589 -1.01641643
0.204355344 -0.753828645
0.139507085 -0.362167269
0.612039506 -0.987673342
0.958547354 0.545334876
-0.172011584 1.10509479
0.81686753 0.0999590755
1.0722512 -0.675149739
-0.656181574 0.624385238
0.380936533 0.597781301
-1.10705626 0.0806989223
-1.24886048 -1.20183527
1.07929134 1.08208847
0.254611254 -0.610797465
0.113152772 -0.888538659
0.157814488 0.111557208
1.17711031 -1.33027089
0.86151582 -0.314060658
1.08532548 -0.91211611
0.0493926667 -1.12503004
0.383121312 0.855750918
-0.726089895 -0.161440641
1.0921073 1.063658
1.16136336 0.155581221
-0.397912681 0.343780518
1.11765993 -0.601698279
-0.901194215 0.150189027
-1.28258908 -0.547094226
-0.713538826 0.99073714
-1.26077521 -0.54564029
1.09984994 1.26445293
-0.7967785 1.12780392
0.59588927 1.27468359
0.266569674 0.231548071
-0.530670464 0.616464734
-0.77129662 -0.966844678
-0.232707247 -0.938510299
0.695790648 0.594832182
0.183594435 0.878030419
0.472706407 -0.928124785
0.985156775 -0.598186135
0.537793219 1.1643635
0.529422581 -1.09310806
0.172881186 -0.761878133
-0.270856559 -0.604323208
-0.977465749 0.426134914
-1.20975888 -0.615713954
0.137152597 -0.611956
0.23742494 -0.665503204
-0.82030344 0.491950601
0.223427907 -0.0800957754
-0.904459059 -0.866383314
1.23043072 -0.0993841588
0.402065277 -0.67115128
-1.2415458 -0.881788015
-0.319840044 -1.0173918
-1.06102073 -0.874097884
1.1025492 0.940380573
0.034125302 1.05858672
0.361525059 0.89728874
0.509322882 0.188388884
-0.458652407 -0.823530734
0.571828187 1.06872046
-1.1609211 -0.375054985
-1.13974309 0.987484932
-0.280602872 -0.966807723
-0.654517412 -1.08229697
0.918225527 0.0636962578
0.197441518 -0.261623263
-0.176307321 0.134139866
1.04670441 -0.54397428
-1.09820318 1.07876337
-0.592727602 -1.00558913
-0.162763447 0.479587942
-1.10216904 0.210028246
-1.0775373 -0.368214995
-0.0695446283 -0.528630793
-0.958792806 0.551049292
-0.354466438 0.148054287
-1.36314952 -1.28170395
-0.163166076 0.477593601
0.478990644 0.747672558
-1.04694676 -0.0281153265
0.845502019 0.163546577
-1.01032376 0.868321657
0.7508533 -0.3398045
-0.174069792 -0.855532169
-0.0673544332 -0.284435987
-0.264044911 1.1796304
-0.256407589 1.10819435
1.04990268 0.428405702
1.04220057 0.559521079
-0.634124577 -1.1430552
-1.01292527 0.910400808
0.102466114 -0.0510590114
0.0317756794 -0.76448369
0.463000834 0.318924248
-1.22657239 0.764791608
-0.380208313 1.02171862
-0.612046242 0.486642987
0.95539695 -0.669668794
-0.105891854 -0.0688558444
-1.03725541 -0.062341053
0.989761353 0.547969937
-0.185133934 0.850899279
1.34208918 0.158709571
-0.547145903 -0.828629792
0.995501935 0.704760551
0.362123519 -0.278912872
1.10210311 0.482331604
-0.0127431089 1.00448656
0.764183581 -0.297053963
-0.647268474 0.394544125
0.785939991 -1.1055789
-0.452264786 0.126869723
-1.2270534 -0.129366353
-0.15909797 -0.807837367
-0.723146975 -1.14071274
-0.8008762 0.789930284
-0.700199902 -0.495677918
0.745322108 0.381184787
-0.696617186 0.374172479
-0.932799935 0.565879166
-0.504369557 1.12327397
0.174886346 0.0887468532
-0.724266529 1.17055333
-0.413572311 -1.07124376
-0.457300872 -0.014268891
-0.748627126 0.998626828
0.986769497 0.822541237
0.811373413 0.102316603
0.2056382 -0.856066108
0.813292027 -1.33268905
-0.837704837 0.0963644534
-1.28786969 1.13626158
0.795224905 0.0643064007
1.12866831 0.449279249
0.593076646 -0.0181469955
0.108220316 0.911037385
0.420920521 0.232119188
-0.205131575 -0.392660022
-1.01519835 -0.0693247691
-1.29059815 -1.01510835
-0.865400851 0.364313751
0.247033119 1.04914689
-0.326301545 0.809081078
1.12840664 -0.371697962
-0.615924001 -0.352138191
-0.323067993 0.331840605
-1.15570605 -0.453589052
-0.999803245 0.480406523
0.351947993 -0.373486012
-0.384073079 0.316978186
-1.07291794 0.428813994
0.538232565 0.137125149
-0.490589887 0.262251496
-0.758900523 -0.70625639
0.288380593 0.0809058324
0.0352303311 -0.688549101
0.079063423 0.536145031
-1.21704423 0.319906205
-0.979088545 -0.363096148
0.266969889 -0.36158216
0.324057966 -1.14012969
-1.0029043 0.426258266
0.217098445 -0.601181984
-0.437340915 0.369192511
-1.10945678 0.149971709
-0.393197775 -0.633691907
-0.812077641 -0.556836784
0.442829251 -0.711606324
-1.14401948 0.461958736
-0.388374448 1.37855053
0.407547444 1.33012676
-0.602669835 0.28226155
0.952971339 -0.243651569
1.15728879 0.90697062
-0.140497997 0.299645096
0.399694622 -0.354595035
0.273713529 -1.1352365
0.629621148 -1.2674489
-0.640648484 0.515909314
0.911280513 -0.738256037
-0.824439883 -0.023207562
-0.178410262 0.824961305
-0.848771095 -0.681570172
0.741361797 -0.815928221
-0.733278871 0.926924407
0.302683353 0.727661371
-0.370775759 -0.810853064
-1.1531316 -0.785716355
0.146642834 0.648336291
-1.11138642 0.102137439
0.0847660154 0.484587997
-1.01290369 -0.488280565
1.01592088 0.540772557
-0.520728052 0.307406515
-0.913930655 0.478467554
-0.907310665 1.20868027
-0.340211868 0.841542721
-0.668651819 1.18488503
-0.795167029 -1.09396648
0.470010757 0.0915538073
-0.730076373 0.931053877
-1.17252386 0.915375888
0.406225383 -0.720695794
0.858407855 -1.04035199
-0.72469759 0.989956796
1.13085306 -0.330347329
1.15332091 1.09333003
0.540027559 1.09336567
-0.348201871 -0.91516459
-0.496143281 -0.561640739
1.2127589 0.88205409
0.618281186 -0.475332081
0.721460044 0.0235776454
-0.119989477 0.753577232
-0.304557681 0.613764763
0.410268545 -0.729287505
0.263919175 0.53306073
-0.821768641 -0.175454229
-0.580476224 -0.190564781
-0.638029218 0.589931369
-0.0544032864 -0.921997368
0.805362999 0.292698145
0.13434276 -0.464837462
-0.94817692 0.936522186
0.634332895 -1.08276463
-0.13621363 0.804771423
0.846081913 0.0301932227
0.678309202 0.982479036
-0.939019203 0.645793438
0.412125468 -0.73051542
0.454603523 0.450314522
0.52372545 -0.370740056
-0.0302969981 -1.08451009
-0.175020546 -1.14717877
-0.341139376 -0.831154168
0.918337166 -0.905108154
0.950961709 -0.162993729
0.912121713 -1.1349833
0.457865208 1.01483595
-0.185191333 1.18196595
-0.696789443 -0.733870566
-0.764128983 0.268090606
-0.661251843 -0.693007052
-0.554941058 -0.966452837
0.82852447 0.154053435
-0.449954689 -1.03267157
0.630141616 0.56408149
0.578024387 -0.217642233
-0.207528457 -0.523364902
0.968347013 -0.239117563
-1.14793622 1.18003619
-0.292902142 0.0924263299
-0.924170732 -0.80225879
0.173919529 0.204302654
-0.204211473 -0.203377992
0.963070273 0.886021197
0.997821629 -0.795067072
-0.682054818 0.510136247
0.384994209 0.266123593
-1.1863414 -0.31073001
-0.419424653 0.769012213
-0.923704147 -0.624679983
0.52223593 -1.05510139
-1.19955432 0.745617926
-0.561053932 -0.966811359
-0.781822383 0.8691082
-0.631527364 0.855250895
-0.167256787 -0.989041269
-0.612912655 0.344870597
-0.992031634 0.596865594
0.397654951 -1.06836009
-0.434065312 -0.755624056
-1.24866426 0.882072508
0.30856204 -0.745642126
-0.620880485 1.10321784
-0.332697183 1.00311983
0.857274711 -0.191404626
1.00986362 0.817959249
-0.406867206 0.696925998
1.0153935 0.49102214
-0.816172719 -0.385222584
1.28037524 -0.130544752
-1.03260624 0.137005895
0.284525424 1.05948734
-1.17115474 -1.32334268
-1.06300187 -1.1869669
-1.01127243 -0.678612173
-0.690266788 1.07874477
-0.797419786 0.665253282
-0.721332848 0.794305682
0.192709863 -0.95191431
-1.17745006 1.08823991
-1.08530068 -0.870245159
0.255648673 -0.823142946
-0.599736333 0.646138549
0.993456602 0.293243736
0.232436672 0.874295294
0.0650743619 -0.219637975
-0.629442096 1.14431453
-1.02390456 0.65697664
0.365759254 0.162893489
-0.0725840107 0.21535109
-0.754478633 -0.207621768
1.19688618 0.36511904
-0.0350204483 0.303442568
0.773871839 0.439400673
-0.81904912 1.13320315
-1.03768814 -0.569579959
1.04110682 -0.423089445
-1.04835355 0.7761271
1.10317242 -0.740317523
-0.928592682 -1.09028435
0.880342603 -1.24894416
0.632036328 0.970930517
0.174620137 -0.801572978
0.482215196 -0.0386572741
-1.17476523 -0.454253554
0.0450145863 0.33841756
1.3397181 -0.881882191
1.016469 0.434251189
0.124368131 -0.764357507
-1.03305233 0.512609661
-0.932251215 -0.665610611
-0.623252749 1.2386862
-0.936062455 -0.585785151
-0.204022288 -0.901160181
-0.854230285 -0.550629079
-0.849787235 -1.13828647
0.335763752 -0.126270771
0.735905647 1.05012298
1.06734848 1.08269203
0.953900218 1.18731296
0.827219963 -0.448921502
0.104338974 0.962871492
-0.255869865 0.706019878
-1.2576133 -1.38137591
-0.0931206942 -0.639519393
1.01702154 0.143340498
0.444763184 1.32144666
-0.735132933 -0.641514897
-0.294045061 -0.215535715
-0.369367689 0.322262108
0.371757358 0.23327674
0.130304039 -0.703948259
0.167893618 0.951905191
-0.0469683222 -0.0828051418
0.52493 -0.563636243
0.746563852 -0.136089385
-1.09228647 -0.911361694
0.674179375 1.04106033
0.213965684 0.0570360795
0.674262643 0.656329453
0.186495557 0.102630526
1.30428064 -0.703133821
-0.664691091 0.809856772
1.03846312 0.44124338
-0.381800145 -0.230142713
-1.08173299 -0.210904986
0.16237992 0.640785575
1.32209992 -0.76792568
-1.27788806 -0.234148398
0.323259056 -0.920497894
0.33433497 0.338611305
1.04496276 -1.03704607
0.620049536 0.0715690106
0.31101498 0.858751476
-0.815233052 -0.296802849
-1.08415532 -1.07372522
0.86617732 0.725460052
0.20118694 -0.00726391142
1.26434541 -0.138907775
0.930980325 0.146678165
0.580924392 0.88419646
-1.08440971 -1.2419728
0.334082276 1.05598032
-1.29793072 -1.14556408
0.264228344 0.305459172
-0.502191365 0.146759287
0.785082757 -1.11374795
-0.381817192 -1.27944624
-0.743050158 0.234769344
-0.800488353 -0.167663515
0.881865799 0.401319265
-0.94628644 -1.20656335
-0.364027709 -0.931951106
-1.13743174 0.755715311
-1.10963666 1.14891756
0.109730385 -0.0520633608
0.286602259 -0.897153795
0.358069301 0.218490586
0.0497228876 -1.12731636
-0.220325306 0.117297284
-0.960616112 -1.3055644
0.58799082 0.170614734
0.177375495 0.491341174
0.797355592 -0.548575819
-0.502971411 -0.91956234
-0.991158247 -1.22499776
0.222082138 -0.754927635
-0.0166567136 1.18081474
-0.128671914 -0.274845749
-0.196918145 -1.36986482
1.27833664 0.259046614
-1.23522997 0.243433416
-0.492268384 -0.590508461
0.0362425447 -1.02169585
0.89938122 0.574562788
-1.04982352 1.18593585
0.860179424 -0.120925687
-0.707557738 0.0987721682
-0.871642768 0.816613555
0.290605754 1.16045773
-0.78869772 1.45834506
-0.799624443 0.643451393
1.5154388 -0.724484622
1.12883925 0.719409049
0.224137679 -0.335748374
0.114774942 0.159524649
0.313140213 0.471094847
0.780874312 0.88616401
-0.749839902 0.0504476316
0.648539543 -1.15121889
0.214447573 0.489958376
0.844094217 -0.324453324
0.167529657 -0.87645632
-1.53298879 1.21495068
1.46275926 0.587425232
-0.655736148 -1.07975113
-0.482544303 1.00864017
0.23280628 -0.88819468
-0.815434158 0.153774872
-0.208191648 -0.647270083
-1.5717169 0.552604973
-0.19085218 0.891888142
0.688242018 -0.126655266
-0.972728729 0.718565881
-0.199596062 -0.636682153
0.795779049 -0.628747165
1.05688715 -0.535326242
-0.440834016 -0.998705328
1.26292336 1.11021972
0.749707639 -0.613024294
0.164980158 -0.247452945
-0.698273182 -0.558501959
0.182843223 -0.934910595
0.979958415 0.785088778
-0.712317944 0.283208758
0.355798811 0.430558354
0.831585646 1.05296111
-1.09518087 -0.638300955
0.0961441547 0.401719213
1.39935029 -1.08766711
-0.962712169 -0.773453295
-0.279472053 1.0656743
-0.674565434 0.0718646422
-0.732309341 -1.44359374
0.204618037 -0.500863731
0.0370589942 -0.460769475
0.997638881 -0.898267269
-0.556034327 0.936163068
-0.883498847 0.167170972
-0.414850235 -1.25589013
-0.085117951 0.406223178
-0.397961557 0.273519844
-1.50578547 -0.00212514051
-0.613809884 -0.532598674
-0.666725814 -0.440881371
-0.182208046 -0.239433184
-0.151162162 -0.434443146
1.07525957 -0.888129652
-0.36780265 -0.375535458
0.900619209 1.10475791
-0.0484592654 0.431196094
-1.08306563 -1.39322186
-0.334625959 0.488396704
-1.28178525 0.326236516
-0.318766177 0.255993158
0.200889692 0.649542272
0.603250682 1.25550246
-0.683355629 -0.527110338
1.49861848 0.0317223296
-0.659352839 0.413069785
-1.44757712 0.93097657
0.909148335 -0.165812463
0.163985491 -0.530297756
-0.520240843 1.10164666
0.635902882 -1.31991005
1.33570898 1.06209683
-0.550025225 -1.43958509
0.0374171473 -0.286583602
0.455365747 -0.0995695069
0.893466949 -0.29330042
1.10370159 0.466907799
0.982712448 0.51262188
0.819578767 1.36808813
-0.884195507 0.683596969
-0.949515581 0.247809663
-0.182771757 0.157984972
-0.507948339 1.14513743
-0.863047361 -0.469103962
0.130688474 -0.431287616
-1.18451512 0.685581565
-0.971787572 0.468654633
-0.68606174 1.22884941
-0.154504001 0.246446162
-0.061404679 -0.784914494
0.553325236 -0.767015934
0.651706159 0.362267315
-0.550083101 0.906497002
0.00127058162 -0.147213161
-0.924687326 0.378330201
0.653557539 -1.28822315
-0.37945509 -1.31914663
-0.509808421 0.760362804
-1.18805349 0.69922179
0.964337587 -1.18284845
-1.41208339 -0.837917984
-0.75407207 1.17656398
-0.673859119 -0.90276587
1.02419841 -0.803829491
-0.155955657 0.266041189
-1.16770947 0.944366872
0.754904926 0.242405131
-0.0451625623 -0.281770438
0.0600490086 0.914995313
-0.923848867 0.310993731
-0.0169058517 -0.405174851
-1.0993073 -0.339848697
1.42361021 -1.11707342
-0.125698939 0.254684299
-0.0692019984 -0.405234158
-0.338440776 -0.0572847761
0.511178374 -0.9498052
-1.11740804 0.063200362
0.303382337 -0.824041069
-0.738701642 -0.199658871
-0.39081341 0.609111845
0.437431753 0.374712497
-1.05085254 0.200687587
0.87440902 0.228370219
-0.982428253 -1.17359996
0.9290362 0.672127068
-0.425485969 -0.147134095
0.795104265 -0.50892669
0.8935377 1.53859603
-1.05047572 -0.698809981
-0.227706194 0.800834954
-0.849607766 -0.556980431
-1.40511286 1.12856746
0.10293626 -0.748158097
-0.599583149 -0.811751783
0.451087296 0.584478199
0.493091553 -0.349527597
1.19316208 -1.07582426
-0.46946007 0.146588564
0.111204199 0.0388224237
-0.602814555 -0.482892245
-0.0962219611 1.50815904
0.234205142 -0.723855138
-0.837087393 0.748196423
0.194571391 -0.476540804
0.744455397 -1.37699246
-0.658487856 0.580910444
-1.19074714 0.43135798
-1.41170573 -1.23939347
-0.224814624 0.351511568
1.07155788 -0.663973689
-0.668082237 -0.712134957
-1.1718421 -0.187687889
0.394952387 0.182422355
1.46399975 0.640850663
-1.25458908 0.739101231
0.198779047 0.0994248614
-0.800746143 -0.0289150402
1.37158346 -1.05603802
-0.260224193 -0.653717816
0.765506744 0.526797533
1.24222529 -0.809110343
0.38624692 0.850647092
1.10735476 -1.11655235
0.533845782 0.631722331
0.823604763 -0.174196497
-0.438294262 0.914120495
0.996699929 -0.441476285
0.0376357697 -0.471068531
0.0649486333 0.842283309
-0.520824015 0.163878694
-1.03285742 0.896933794
0.802252471 -0.940429986
0.0269036554 -1.13690639
-0.450101048 -1.6739428
-0.765766144 -0.17305702
-1.06313741 1.12963271
-0.992403805 -0.623534501
0.19303751 0.630812347
0.421544701 -0.303129673
-0.525948822 0.489569634
-0.747847915 0.608644605
-0.0975608081 -0.318148792
-0.776705742 0.646869123
-0.171621889 -1.24111235
0.361941755 1.05529296
-1.40404093 -0.376354992
1.10587609 -0.212348834
0.590381026 1.43780899
0.571159661 0.0788066536
-0.133513644 0.632406235
0.196673691 1.44289005
1.16159725 -0.387641609
-0.778957427 -0.565347433
0.529697835 -0.731746912
-0.755604148 -0.559791446
0.481191427 1.08790517
0.87219888 -0.667448223
0.485047877 -0.597712755
-0.0756717026 1.35606778
0.894450426 -0.812620819
-1.02528989 1.16687596
0.832013011 -0.0759689361
1.27794039 -0.958512127
-0.887737513 0.526828766
1.31609559 0.690568864
-0.462670445 -0.938161135
-0.356955379 1.07090926
-0.261610508 0.519900739
1.15467727 0.207088009
0.921688795 0.226375878
0.82261616 0.501862526
-0.854284406 0.0143571617
0.796421647 -1.02124476
-0.229364261 -0.18046841
0.452105016 -0.516792476
-1.047943 1.36967564
0.490023434 0.768915057
-0.94806093 -0.42210564
-0.727916539 -0.558835804
-0.308582634 -0.261668861
-0.884863675 0.867826462
0.242472544 0.499208957
0.912246108 -0.185854584
-0.57360512 0.428945482
0.308184087 0.0861783251
-1.25169802 -1.18285716
-1.22026181 -0.864733219
0.706538498 -0.866171479
0.787400544 0.188191786
-0.883188546 0.479201943
0.503656566 0.762922525
-1.35128558 0.845495939
0.17600213 0.557785988
-0.11145094 -0.0976637676
0.231440961 -0.684606552
0.194111571 -0.740905881
0.559171021 0.0702581778
0.270210832 -0.434922218
-0.481884003 0.624061346
0.300783485 -0.418123424
-0.588446915 -1.30555451
1.05910659 -0.0116959596
-0.525001347 -0.38550967
-0.613646328 -1.22630584
0.545451462 1.07363546
0.0313897692 -0.604981184
-1.30242813 -0.297392637
0.558867395 0.184806928
-0.823673248 1.30662918
-0.949428141 -0.0986396149
0.445364535 -1.03731585
0.772460818 -1.21914899
0.468057305 0.409474581
-0.04258788 -0.0630102083
0.19121401 0.754558325
-0.571320832 -0.115572847
-0.893572569 -0.1729334
0.714295924 -0.516911685
-0.917642534 -0.38105467
0.11367593 -0.70754683
0.675658822 -0.162353441
0.845214546 0.958423913
-1.05877483 0.337982714
-0.243542343 -0.665295064
-0.869919538 0.229054406
-0.660971642 0.299746722
-0.572792351 0.200009942
-0.860006988 0.376074731
1.33811438 -0.482002437
1.62719059 -0.152697384
-0.813610733 -0.696633875
0.769046724 0.758050799
-0.708230674 -1.28040361
0.855834544 0.262949973
0.78496182 0.577796102
0.0674004704 -0.289600611
-1.02737832 0.475212723
0.214515984 0.334803432
-1.02170539 0.105408803
-1.0150218 -1.09584713
-0.582912266 0.235969797
-0.357400894 -1.09001184
-0.423011035 -0.210506231
0.469186932 -0.12460307
-0.116106413 0.547650516
0.883339822 -0.43948698
-0.0631868318 0.492710412
-0.244241118 -1.63427842
0.802233875 -0.320016086
-0.185577989 1.00117314
-0.319629401 0.149432465
1.22904861 -0.285376489
-1.39153957 -0.512911916
0.101641193 -0.813741326
1.04283905 -0.210671619
-0.200946614 0.574137986
-1.00403821 -0.82590133
0.934873164 -0.496291041
0.85061574 1.30489099
0.831061244 1.2305162
0.635329306 0.320450157
1.04333484 -0.673238933
0.517363727 0.317193717
0.645058513 -0.270489216
-0.289958119 -0.66177243
-0.0201173332 -0.43695733
-1.0819391 0.458377302
-0.999481618 0.459644467
-0.781784534 -0.154472753
0.858166397 0.512045503
-0.330227733 -0.416266233
-0.536906183 1.11974299
0.916948259 0.733113289
1.56815636 1.28346229
0.791426182 1.19540703
0.64802438 0.0839170739
0.479192615 -0.772961438
1.28675091 -0.208669975
0.839710772 -0.430486083
1.51233816 -0.706167161
-0.409228593 -0.61992085
-0.376400948 1.49420714
0.522937775 -0.98681426
-1.37955117 0.911460519
0.81596601 -0.307102591
0.825898945 0.798013389
0.705944359 -0.540568769
0.399544716 -1.16985357
-0.220331386 0.791639924
-0.738520026 -1.01075959
-0.280894428 0.89984417
-1.26388669 0.461119413
0.0816016942 1.50040185
0.956767797 -0.0591073446
0.829291344 -0.17143859
-0.139728323 0.608566046
-0.243458524 -0.793008029
-0.169126302 -1.14561176
0.718909025 1.13814199
-0.405026793 1.36228728
-0.298600048 0.272009492
-0.481364846 -1.18014395
-0.448183089 -0.23322016
0.152390942 0.497341067
0.00725662569 -0.77865845
-0.341953427 0.0637458265
0.575114071 0.462737173
0.776106596 1.04657006
0.704982698 -0.141898632
1.11520445 0.550206363
1.15359318 1.33343446
0.465770632 0.555173516
-0.0289565995 -0.743030548
0.187777832 -0.656109393
1.21796155 0.504455566
-1.14441705 -0.837048054
-0.354444236 0.539358735
-1.17687511 -0.620710731
-1.31110644 0.595256388
0.597115517 -0.469658852
-0.518232703 0.562669098
-1.05039001 -0.873680413
0.00332817622 0.678011715
-0.00392038375 -0.509445488
-0.841326654 0.541421294
0.628301144 -0.196566239
-1.28056514 0.0460928567
0.526605904 0.35610646
0.364553452 -0.557633162
-0.482363939 0.311522782
-0.352508098 -1.17135727
-0.699577212 -0.809635103
1.41056013 -0.794484854
0.272573799 1.40956008
1.11499667 0.0212465208
-0.524692357 1.090258
0.225621387 -0.229306012
0.601674318 -0.175944284
-0.734511316 -0.618200064
-0.357811511 0.284913927
0.0983390361 0.606532097
0.278854549 0.846080482
-0.264041364 -1.06264663
-0.681385756 0.752450883
0.949548423 -0.447549045
0.321523905 -0.773740292
-0.861034989 -0.900823414
0.377484381 -0.85126245
-0.10375677 -1.21445179
-0.00526877353 -0.0419061668
-0.0501726493 1.32849622
-0.171777725 1.12903607
-0.908377886 -0.456120133
0.589222729 0.268696159
-0.202607453 0.73752135
-0.352248609 0.738714695
-0.0428416282 0.755975246
-0.473695934 1.24510574
0.982993901 -0.732345104
0.268987328 1.22172046
-0.815358758 0.542457581
0.114734218 1.40732348
-0.423623264 0.119839504
-0.975929081 1.15555012
0.049425669 0.267533034
1.17758608 -0.931450248
0.610921323 0.170477718
-0.731041133 0.729995251
0.0662196949 0.766713023
-0.145706519 0.969450533
0.5351156 -0.836132109
-0.519956112 -0.811499715
0.124392614 -0.335037768
-0.728452265 0.94487536
0.850240231 -0.67803961
-1.38506734 -0.443327934
-0.372024298 1.36918581
0.409792781 -1.03488636
-0.298733354 0.796458304
0.805128574 -0.0442739427
0.510579169 -0.800961494
-0.978215516 0.82088542
0.469085515 -0.615699053
-0.953249335 0.3388111
0.895088911 -0.515751839
-0.2405314 -0.600022256
0.683722258 0.143098429
0.678198814 0.671184361
-0.122693777 0.953085124
-0.901501834 -0.3398619
0.819234669 -0.530845165
-1.17248607 -1.18774951
-0.608621001 -0.832656026
-0.265348971 0.996140003
0.644252419 -0.698535383
-0.499927193 -0.384536177
-0.999879777 0.431896269
-0.402863443 0.786931574
-0.373035431 0.117646009
1.19981873 -0.826546848
0.243921608 -0.908939183
0.306643963 0.521122277
-0.678012371 -0.862192154
-1.401847 -0.841276824
0.846672654 1.18589282
-0.986078203 -0.143240973
0.970101833 1.21266031
-1.73036754 1.006603
-0.364462256 -0.389235079
1.15765381 -1.44254458
-0.534932077 0.38607958
1.51921725 -0.146190599
-1.20054901 -0.742067635
-1.01790071 0.708294809
0.637289584 -1.25512159
-0.38692826 -0.434995741
-0.227103308 0.403269619
0.350423425 0.741436362
-0.462985098 0.79136759
-0.934552014 -0.0236578491
-0.799137115 0.687319398
0.588706791 0.809885383
-0.402951598 0.925489485
1.39462399 0.853144825
0.278090805 -0.137241617
0.764064908 0.602860987
-0.0458456241 -0.0490826853
-1.08102834 1.2012794
-0.781130373 0.374746442
0.912909865 -1.27266848
0.266732514 0.683495045
-1.05626464 -0.261461735
0.916565597 1.18485296
-0.284853101 -0.892730534
-0.0666635036 -0.550577104
-0.691078901 0.295046896
0.582969666 -0.210204244
0.413618058 -0.0914629996
-1.32899904 0.618188262
-0.719207227 -0.529952824
1.23805034 -0.551082194
0.595657587 -1.23470736
-0.459912121 0.456870526
-1.20507109 0.682937324
-1.17339051 0.0462051295
0.44552049 1.30126858
0.260944396 0.799466789
0.936661184 -0.263900489
0.0841516554 -0.26431337
1.15870059 -0.178305328
-0.40811339 -0.374465257
-0.28011322 0.953654885
-0.176489919 -1.36179495
-0.0527035557 0.310824186
-1.23979509 0.978797197
1.01789653 -0.455451131
1.19457531 0.893264234
-0.93930614 -0.446886778
-1.49661875 -0.667065978
0.804587543 -0.17385897
0.257720023 0.558010459
0.885286629 0.245421633
-0.423566222 -0.511731148
-1.2844274 0.584897459
1.40254354 1.13432157
1.55647671 0.695070028
-0.704645395 -0.024866784
1.51433182 -0.0312388148
-0.631653428 -1.24774885
0.473943383 0.472116023
1.09170473 -0.156022832
-1.03326988 0.419781893
0.639997423 -0.671411037
-0.341547221 -0.780793548
-0.54802537 -0.581310987
-0.380386025 0.595375419
-0.459721535 0.503893137
-0.507831395 0.0402201638
0.339403301 -0.447103769
0.0846225247 0.512933552
0.443466872 0.284540057
-0.27090472 0.169243857
-0.732281685 0.138763726
0.888920367 0.352486819
0.153617293 1.03632534
0.451444 0.831807256
-1.49322736 0.0434166156
-0.687272668 -0.148509517
0.693135142 0.848370552
1.0395062 -0.472413868
-0.734618843 -1.09401953
-0.516461492 0.251281261
0.0111892158 0.83356005
-1.15760648 0.971995175
1.06321061 -0.404318243
-0.0303742047 -0.440823317
-0.19173339 -0.743664503
-0.676267684 1.52882957
-0.732670248 -1.11816525
0.86348474 0.78945303
-0.851718247 -0.964151263
-0.193637431 -0.646599472
0.116350494 0.696566761
0.230261028 -0.193938494
-1.14365673 0.113228485
0.841988444 -0.342182755
-0.217067525 -1.36963797
0.296609074 -0.170426145
-0.099066861 -0.307151526
-1.42372525 1.18715489
-0.471697181 1.20036328
-0.586326778 0.0586656965
-1.12894428 -1.48981583
-1.19006813 0.0114389611
0.774389684 0.541691899
-0.0792506412 0.374015808
-0.666151941 0.600214958
0.0922099426 1.04359865
0.725450993 -0.607702434
1.0341897 -0.634108961
0.925126851 0.774773836
-0.498176217 -0.156922832
-1.1626724 -0.778840661
-0.706158102 0.0460781865
-0.485937685 1.16921735
-1.22381043 0.568237424
-0.891540289 -0.00356168207
-0.225334913 -0.756408095
-0.585074902 0.438254356
-0.457037419 1.03129423
-0.298164189 0.133694634
0.603060663 -0.00710931374
-0.698196471 -0.482871741
-0.728588521 1.04151928
-0.925612032 -0.596916676
0.744485736 -0.0237676427
0.903067052 -0.982188284
-0.892781556 -0.708550274
0.808919013 -1.08478022
0.213608637 0.680448174
-0.642484665 -0.444766909
-0.802024066 0.388072103
0.969103277 -0.395328552
-1.4641434 -0.230875969
0.595489025 0.494247049
-0.504742026 -0.953740418
0.710306108 -0.835632622
-0.809834301 0.99621129
0.586907506 -0.13800095
0.369881094 -1.27937555
1.07144558 0.988889158
-0.226429611 0.514054358
-0.493930072 0.296965837
0.10053847 -0.654977262
-0.534084558 -0.986151874
0.0268190522 0.942493379
-0.846507549 -0.374849409
0.0815331936 -0.539322972
0.0260886066 -1.4271903
-1.16654003 -0.610094249
0.0492262505 -1.12820613
1.13901305 -0.316797167
-1.38520408 -1.29079151
-0.754548073 -0.949279785
1.17745841 0.0639286861
0.64230305 -1.2696774
1.03503871 -1.33939457
-0.617724299 -0.0134419026
-0.729365945 -0.196800232
-0.577279031 1.01535809
1.38501585 0.251034081
0.720890641 -0.936876297
0.280960619 0.169789076
1.02072954 0.884087861
0.962668359 -0.0437265262
-0.0588911474 0.984349966
-0.512997508 1.12017214
-0.701205969 0.553312778
0.779558897 -0.361669213
0.272817552 0.38738063
-0.534069836 -0.712827325
-0.822417498 -1.36287344
-0.339106947 -0.425392956
0.422888309 -0.489205956
-0.478184104 0.0896286219
-0.899317801 -0.708269298
0.76826781 0.546546638
-0.613036215 0.996442854
0.871432304 1.4536283
1.18749952 0.219872668
-0.0131601542 0.754285097
0.819336236 -0.770407975
-0.337685019 -0.728500545
-1.17944634 0.0746066645
1.11675763 -0.436518967
0.261871964 0.426599175
0.328656018 -0.0393429175
0.874299467 -1.0253638
0.174467742 -0.15630956
-1.05230403 -1.10186362
-0.779553413 0.25914222
-1.31941354 0.884842753
-0.183250055 -0.859490395
-1.39202356 -1.47765434
0.203418702 1.02529311
0.595644772 -0.945766211
0.551411629 -0.301518947
0.969385326 -0.39953354
0.546260297 0.605662167
-1.23892725 -1.10923743
1.3504833 0.625598133
0.164845377 -0.0358197689
0.639175892 -0.263057798
0.0411797874 0.659830928
-0.257956326 1.32327545
-0.541295111 -1.27645063
0.657076478 -0.321265727
-0.836124659 -1.19704604
0.470698327 -0.492025524
0.754775703 -1.49957108
0.155024007 0.441685468
-0.0618727542 -1.65029049
0.112358749 0.725403845
-0.118923172 -0.374786586
0.992194772 1.13613439
0.0255392436 0.678388357
0.342921108 -0.782990813
0.504086554 1.12865078
0.630789936 -1.01599932
-0.339455962 0.720003963
-0.583945274 -0.0402186401
-0.583479702 0.598231852
-0.801908135 0.555466473
-0.57943511 0.40139696
1.42607999 -0.335161924
0.334133118 1.16464972
-0.260569841 -0.837721527
1.26693046 1.07409167
1.04207313 1.27274251
0.74400878 0.595145822
-0.73237747 -0.542077899
-0.231672361 -0.00703685358
0.21449843 -0.640147328
0.916868091 -0.633913994
-1.22294903 -0.0820668861
0.0071779117 -0.56588161
0.343596429 -0.591806769
-1.21555638 -0.604216874
1.57020545 -0.317189723
0.167013377 -1.18383634
-1.12840176 0.896793485
1.24216151 0.643128395
-0.966494441 0.942933977
-0.725184619 -0.591725767
-0.366990119 1.09491062
-1.2346102 -0.946410477
0.358845145 -0.252830535
0.967956424 0.788118422
-0.833950222 0.815642476
0.397081226 2.01669526
-0.672103822 -0.43708998
-0.621870756 -0.802410007
0.636327863 -0.287083358
0.475592077 -0.628012598
0.878577411 0.769483864
0.381217241 -0.49495396
0.201903164 -1.24255216
-0.362797886 1.10811722
-0.0891137794 -1.16199625
-1.17427075 0.19350256
-0.745607972 0.430078983
0.12946938 -0.156545132
-1.10383284 0.960484266
0.117020465 0.102767736
1.07159603 0.626123726
-0.19324851 0.842933118
0.314435214 -0.59098959
-0.744586706 0.849443078
0.304175973 -0.222684994
-0.136197433 -0.581685781
-0.0693220124 0.405243814
-1.06337833 1.0307554
-0.398611099 0.416190445
-1.35994089 -0.194680199
1.25660145 -0.0280485321
0.186964855 -0.878764749
-0.699970007 0.459705323
0.898738563 -0.15142712
-0.871705115 -0.378073156
1.13991249 -0.901540041
1.01268744 0.0131505821
0.0503022671 -0.232596233
0.530601263 -0.868560672
-0.255296528 0.720735252
-0.179613233 -0.178167552
-1.08923292 -0.106015898
-0.236073315 -0.188567445
0.18458119 -0.27309233
0.435548484 -1.20200586
-0.207433656 -0.663425267
-0.375586718 0.844804227
1.26925468 -0.961766899
0.821904778 0.455995262
1.24351799 -0.640396059
1.01265287 0.938744485
1.26035595 1.44076777
0.676681936 0.503476977
0.982341766 -1.37713206
0.142987832 -0.171196446
-0.0170688108 -0.491996646
0.565231502 -0.0248831511
-0.253603458 -0.0291219521
0.362477601 -0.014512375
-0.833712339 0.586592019
0.0611352213 0.145569757
0.691715598 -1.00504255
-0.5205369 0.283424228
-0.944994032 -0.152966484
0.739041328 -0.505344808
-0.126386285 0.111306123
0.274100006 0.741069734
0.47787571 -0.981691003
-0.634840965 1.20658982
-0.0705480129 0.0130154444
1.18331254 -0.197271019
-0.563672125 0.715066493
-1.23452437 0.215144143
1.17166722 0.883910656
0.654642582 0.681751788
0.859806716 1.3602699
-0.174560145 0.431405097
-1.05714977 -0.163835421
0.725589633 -0.578873336
-0.676863968 0.0698281303
-0.272236526 -1.2701323
-1.00804579 -1.09189713
-0.317508876 0.713956296
-0.989507556 1.11628425
0.227280691 0.807250261
1.42895079 -0.120332472
0.953210831 0.258852303
1.1865809 -0.0945269689
-1.51521945 0.157581016
-0.470903158 0.867092609
-0.945880592 0.754624724
0.983337343 -0.720768511
-0.464732379 0.0588423088
-0.0151149584 -1.01834166
1.29916048 -0.161991432
-0.850639343 0.589440405
-0.868827462 0.44693929
-0.674467802 -0.236707002
-0.215097249 0.316990793
-0.0769606978 -0.552481413
0.452661604 -1.08126366
0.504085958 1.22185338
0.530335963 1.21015525
0.74927789 0.704708993
