0 0 0 0 -66 -329
0 0 1 0 32760 439
0 0 2 0 -22862 -23569
0 0 3 0 -22803 -23498
0 0 4 0 22768 23480
0 0 5 0 22881 23566
0 0 6 0 22834 23470
0 0 7 0 -23466 22829
0 0 8 0 22828 23519
0 0 9 0 -22801 -23491
0 0 10 0 22776 23441
0 0 11 0 22796 23497
0 0 12 0 22805 23472
0 0 13 0 -22857 -23528
0 0 14 0 22793 23480
0 0 15 0 22821 23557
0 0 16 0 -22832 -23502
0 0 17 0 -23467 22848
0 0 18 0 -23536 22821
0 0 19 0 -22790 -23529
0 0 20 0 -23560 22781
0 0 21 0 22822 23474
0 0 22 0 22791 23502
0 0 23 0 -23545 22796
0 0 24 0 -22853 -23570
0 0 25 0 -23533 22838
0 0 26 0 23505 -22821
0 0 27 0 -23507 22825
0 0 28 0 23534 -22821
0 0 29 0 -23517 22863
0 0 30 0 22832 23514
0 0 31 0 23540 -22802
0 0 32 0 -23501 22822
0 0 33 0 32756 486
0 0 34 0 23505 -22897
0 0 35 0 22806 23461
0 0 36 0 22780 23452
0 0 37 0 22830 23442
0 0 38 0 22832 23443
0 0 39 0 22839 23598
0 0 40 0 23488 -22871
0 0 41 0 -22825 -23519
0 0 42 0 -23490 22839
0 0 43 0 -23535 22827
0 0 44 0 23502 -22829
0 0 45 0 22813 23495
0 0 46 0 22819 23517
0 0 47 0 23539 -22842
0 0 48 0 23505 -22841
0 0 49 0 -22802 -23538
0 0 50 0 23500 -22829
0 0 51 0 -22814 -23516
0 0 52 0 23519 -22813
0 0 53 0 22812 23489
0 0 54 0 -23490 22818
0 0 55 0 -22803 -23482
0 0 56 0 23506 -22825
0 0 57 0 23541 -22841
0 0 58 0 23492 -22852
0 0 59 0 -22805 -23522
0 0 60 0 -23509 22810
0 0 61 0 -23509 22834
0 0 62 0 22861 23482
0 0 63 0 23496 -22813
0 0 64 0 23531 -22830
0 0 65 0 32731 478
0 0 66 0 23539 -22831
0 0 67 0 -22823 -23511
0 0 68 0 -22811 -23535
0 0 69 0 -22815 -23512
0 0 70 0 -23504 22829
0 0 71 0 22830 23493
0 0 72 0 23549 -22811
0 0 73 0 -23510 22821
0 0 74 0 -23499 22840
0 0 75 0 -23528 22849
0 0 76 0 22838 23544
0 0 77 0 -23540 22863
0 0 78 0 -22806 -23575
0 0 79 0 -22853 -23456
0 0 80 0 -22812 -23507
0 0 81 0 23503 -22824
0 0 82 0 22847 23487
0 0 83 0 22851 23503
0 0 84 0 -22809 -23538
0 0 85 0 -23500 22809
0 0 86 0 22871 23500
0 0 87 0 -22787 -23507
0 0 88 0 -23486 22833
0 0 89 0 -22850 -23548
0 0 90 0 22823 23521
0 0 91 0 -23501 22763
0 0 92 0 22821 23500
0 0 93 0 22805 23495
0 0 94 0 22867 23478
0 0 95 0 -22864 -23514
0 0 96 0 22801 23545
0 0 97 0 32761 491
0 0 98 0 -22877 -23457
0 0 99 0 -23498 22876
0 0 100 0 -23501 22845
0 0 101 0 23502 -22831
0 0 102 0 22825 23510
0 0 103 0 -23530 22820
0 0 104 0 -22814 -23537
0 0 105 0 22810 23500
0 0 106 0 22822 23526
0 0 107 0 -23518 22853
0 0 108 0 -23495 22818
0 0 109 0 -22820 -23508
0 0 110 0 -23531 22807
0 0 111 0 22800 23547
0 0 112 0 -22831 -23549
0 0 113 0 5 11
0 0 114 0 1 11
0 0 115 0 -11 -20
0 0 116 0 21 10
0 0 117 0 -55 22
0 0 118 0 60 -19
0 0 119 0 17 6
0 0 120 0 -9 -13
0 0 121 0 -5 -16
0 0 122 0 -8 -19
0 0 123 0 -19 -19
0 0 124 0 29 -13
0 0 125 0 5 23
0 0 126 0 -43 -1
0 0 127 0 11 10
0 0 128 0 0 -4
0 0 129 0 -47 -26
0 0 130 0 41 14
0 0 131 0 18 -26
0 0 132 0 -7 7
0 0 133 0 -10 10
0 0 134 0 12 7
0 0 135 0 16 -19
0 0 136 0 -9 -16
0 0 137 0 22 -14
0 0 138 0 9 -44
0 0 139 0 -37 28
0 0 140 0 11 31
0 0 141 0 20 -27
0 0 142 0 -11 -18
0 0 143 0 5 -17
0 0 144 0 -23519 22802
0 0 145 0 23494 -22815
0 0 146 0 22824 23481
0 0 147 0 23479 -22807
0 0 148 0 -22826 -23529
0 0 149 0 -23526 22820
0 0 150 0 23512 -22830
0 0 151 0 -22822 -23530
0 0 152 0 22832 23519
0 0 153 0 -22800 -23490
0 0 154 0 22838 23498
0 0 155 0 22832 23521
0 0 156 0 -23499 22863
0 0 157 0 -23546 22804
0 0 158 0 22761 23546
0 0 159 0 32754 479
0 0 160 0 23511 -22784
0 0 161 0 23534 -22801
0 0 162 0 -22811 -23528
0 0 163 0 22820 23493
0 0 164 0 -22822 -23537
0 0 165 0 -23513 22831
0 0 166 0 22786 23504
0 0 167 0 22821 23514
0 0 168 0 22819 23481
0 0 169 0 -22814 -23522
0 0 170 0 23493 -22841
0 0 171 0 23515 -22822
0 0 172 0 -22810 -23550
0 0 173 0 -23499 22810
0 0 174 0 23478 -22847
0 0 175 0 -23507 22846
0 0 176 0 23515 -22813
0 0 177 0 -23538 22874
0 0 178 0 -23465 22792
0 0 179 0 -22812 -23540
0 0 180 0 23504 -22818
0 0 181 0 23521 -22813
0 0 182 0 22809 23529
0 0 183 0 -22815 -23545
0 0 184 0 22822 23495
0 0 185 0 -23504 22819
0 0 186 0 22843 23497
0 0 187 0 23527 -22822
0 0 188 0 -23503 22796
0 0 189 0 -22846 -23507
0 0 190 0 23511 -22830
0 0 191 0 32756 492
0 0 192 0 23515 -22800
0 0 193 0 -22842 -23536
0 0 194 0 22817 23527
0 0 195 0 22809 23508
0 0 196 0 -23526 22842
0 0 197 0 22816 23483
0 0 198 0 22827 23475
0 0 199 0 23561 -22819
0 0 200 0 -22818 -23505
0 0 201 0 -22849 -23512
0 0 202 0 -22818 -23523
0 0 203 0 23486 -22786
0 0 204 0 22850 23500
0 0 205 0 -23514 22824
0 0 206 0 -23461 22764
0 0 207 0 22772 23517
0 0 208 0 23484 -22832
0 0 209 0 -23503 22797
0 0 210 0 23526 -22830
0 0 211 0 -23519 22837
0 0 212 0 -23492 22829
0 0 213 0 -22864 -23503
0 0 214 0 -23511 22819
0 0 215 0 22811 23498
0 0 216 0 -23432 22822
0 0 217 0 22738 23505
0 0 218 0 -22766 -23518
0 0 219 0 -23498 22844
0 0 220 0 22847 23488
0 0 221 0 22855 23506
0 0 222 0 23574 -22795
0 0 223 0 32770 491
0 0 224 0 -22831 -23515
0 0 225 0 22815 23498
0 0 226 0 23508 -22844
0 0 227 0 -22856 -23499
0 0 228 0 -22831 -23526
0 0 229 0 23527 -22830
0 0 230 0 23537 -22780
0 0 231 0 -23487 22844
0 0 232 0 22892 23526
0 0 233 0 -22807 -23464
0 0 234 0 -23500 22864
0 0 235 0 23482 -22797
0 0 236 0 23527 -22798
0 0 237 0 -23549 22823
0 0 238 0 23458 -22844
0 0 239 0 -22840 -23535
0 0 240 0 22849 23500
0 0 241 0 -23510 22817
0 0 242 0 -23516 22854
0 0 243 0 22849 23521
0 0 244 0 22845 23513
0 0 245 0 -22832 -23489
0 0 246 0 -23433 22871
0 0 247 0 22776 23467
0 0 248 0 22812 23491
0 0 249 0 23452 -22855
0 0 250 0 22805 23518
0 0 251 0 -22866 -23579
0 0 252 0 -23486 22866
0 0 253 0 23520 -22785
0 0 254 0 22877 23564
0 0 255 0 32781 471
0 1 0 1 -220 -206
0 1 1 1 32621 570
0 1 2 1 -32769 -381
0 1 3 1 -32693 -545
0 1 4 1 32801 406
0 1 5 1 32648 456
0 1 6 1 32757 457
0 1 7 1 -32767 -441
0 1 8 1 -32720 -525
0 1 9 1 -32725 -548
0 1 10 1 32672 483
0 1 11 1 -32807 -500
0 1 12 1 -32759 -471
0 1 13 1 32785 492
0 1 14 1 -32770 -538
0 1 15 1 -32759 -467
0 1 16 1 -32795 -494
0 1 17 1 -32757 -518
0 1 18 1 32765 482
0 1 19 1 32803 443
0 1 20 1 32773 476
0 1 21 1 -32779 -462
0 1 22 1 32763 474
0 1 23 1 -32740 -519
0 1 24 1 32773 452
0 1 25 1 -32755 -492
0 1 26 1 32766 504
0 1 27 1 32805 518
0 1 28 1 32788 491
0 1 29 1 32775 452
0 1 30 1 -32760 -514
0 1 31 1 -32789 -482
0 1 32 1 -32706 -477
0 1 33 1 32790 472
0 1 34 1 32753 490
0 1 35 1 32759 481
0 1 36 1 32770 481
0 1 37 1 -32717 -512
0 1 38 1 -32678 -505
0 1 39 1 -32789 -482
0 1 40 1 -32727 -458
0 1 41 1 -32794 -517
0 1 42 1 32758 513
0 1 43 1 -32779 -459
0 1 44 1 -32776 -531
0 1 45 1 -32811 -490
0 1 46 1 32788 510
0 1 47 1 32767 483
0 1 48 1 -32759 -543
0 1 49 1 -32772 -488
0 1 50 1 -32757 -488
0 1 51 1 32754 537
0 1 52 1 -32739 -483
0 1 53 1 -32762 -491
0 1 54 1 -32766 -456
0 1 55 1 -32801 -477
0 1 56 1 -32785 -460
0 1 57 1 -32768 -466
0 1 58 1 -32775 -523
0 1 59 1 -32771 -500
0 1 60 1 32765 515
0 1 61 1 -32740 -506
0 1 62 1 32766 495
0 1 63 1 -32772 -516
0 1 64 1 32738 499
0 1 65 1 32775 479
0 1 66 1 32773 492
0 1 67 1 32791 493
0 1 68 1 32755 476
0 1 69 1 -32760 -468
0 1 70 1 32762 468
0 1 71 1 -32778 -452
0 1 72 1 -32744 -481
0 1 73 1 -32784 -475
0 1 74 1 -32805 -480
0 1 75 1 32748 482
0 1 76 1 32768 484
0 1 77 1 32752 437
0 1 78 1 -32740 -488
0 1 79 1 32847 454
0 1 80 1 32781 484
0 1 81 1 -32777 -494
0 1 82 1 -32748 -519
0 1 83 1 32763 482
0 1 84 1 -32741 -469
0 1 85 1 -32759 -500
0 1 86 1 32764 487
0 1 87 1 -32788 -518
0 1 88 1 -32790 -491
0 1 89 1 -32706 -476
0 1 90 1 -32734 -468
0 1 91 1 -32767 -536
0 1 92 1 32766 502
0 1 93 1 -32766 -516
0 1 94 1 32757 496
0 1 95 1 32750 491
0 1 96 1 -32744 -520
0 1 97 1 32779 528
0 1 98 1 32644 466
0 1 99 1 32770 480
0 1 100 1 32768 480
0 1 101 1 32811 465
0 1 102 1 -32766 -493
0 1 103 1 -32781 -490
0 1 104 1 32773 475
0 1 105 1 32759 498
0 1 106 1 -32765 -523
0 1 107 1 32728 494
0 1 108 1 -32770 -454
0 1 109 1 -32740 -467
0 1 110 1 32741 483
0 1 111 1 -32746 -523
0 1 112 1 -32789 -484
0 1 113 1 41 17
0 1 114 1 1 8
0 1 115 1 -1 1
0 1 116 1 -16 -2
0 1 117 1 -38 21
0 1 118 1 31 0
0 1 119 1 -28 -29
0 1 120 1 49 8
0 1 121 1 17 -1
0 1 122 1 -29 5
0 1 123 1 -51 6
0 1 124 1 33 38
0 1 125 1 36 -29
0 1 126 1 1 -15
0 1 127 1 9 -10
0 1 128 1 52 17
0 1 129 1 2 17
0 1 130 1 1 -47
0 1 131 1 13 -18
0 1 132 1 -12 5
0 1 133 1 53 -17
0 1 134 1 36 32
0 1 135 1 -27 -9
0 1 136 1 -4 -19
0 1 137 1 -30 38
0 1 138 1 20 -34
0 1 139 1 -64 6
0 1 140 1 -1 4
0 1 141 1 3 -13
0 1 142 1 10 11
0 1 143 1 35 -8
0 1 144 1 32778 476
0 1 145 1 -32753 -523
0 1 146 1 32736 511
0 1 147 1 32752 479
0 1 148 1 32779 520
0 1 149 1 32761 465
0 1 150 1 -32768 -506
0 1 151 1 -32773 -474
0 1 152 1 -32766 -460
0 1 153 1 32751 475
0 1 154 1 32793 507
0 1 155 1 32784 489
0 1 156 1 -32784 -495
0 1 157 1 -32736 -501
0 1 158 1 32804 576
0 1 159 1 32751 503
0 1 160 1 32794 501
0 1 161 1 32776 491
0 1 162 1 32789 491
0 1 163 1 -32751 -477
0 1 164 1 32757 516
0 1 165 1 32771 470
0 1 166 1 -32780 -507
0 1 167 1 -32793 -493
0 1 168 1 32792 459
0 1 169 1 -32768 -480
0 1 170 1 -32785 -524
0 1 171 1 32754 474
0 1 172 1 -32800 -480
0 1 173 1 32785 476
0 1 174 1 32778 486
0 1 175 1 32737 491
0 1 176 1 -32782 -481
0 1 177 1 -32756 -536
0 1 178 1 32799 491
0 1 179 1 32791 496
0 1 180 1 -32814 -502
0 1 181 1 32756 520
0 1 182 1 -32766 -448
0 1 183 1 -32776 -488
0 1 184 1 32762 477
0 1 185 1 -32761 -451
0 1 186 1 32743 510
0 1 187 1 -32766 -465
0 1 188 1 -32733 -484
0 1 189 1 -32742 -507
0 1 190 1 32749 466
0 1 191 1 32759 491
0 1 192 1 -32738 -472
0 1 193 1 -32771 -440
0 1 194 1 -32773 -486
0 1 195 1 -32707 -507
0 1 196 1 32816 472
0 1 197 1 32732 527
0 1 198 1 -32736 -482
0 1 199 1 -32775 -485
0 1 200 1 -32765 -468
0 1 201 1 32739 476
0 1 202 1 32790 504
0 1 203 1 -32720 -483
0 1 204 1 32731 474
0 1 205 1 -32772 -512
0 1 206 1 -32780 -478
0 1 207 1 32771 501
0 1 208 1 -32724 -491
0 1 209 1 -32768 -491
0 1 210 1 32736 494
0 1 211 1 -32779 -444
0 1 212 1 -32757 -429
0 1 213 1 32768 540
0 1 214 1 32756 454
0 1 215 1 -32747 -479
0 1 216 1 -32807 -458
0 1 217 1 32742 529
0 1 218 1 -32731 -649
0 1 219 1 32771 462
0 1 220 1 -32819 -501
0 1 221 1 32765 460
0 1 222 1 32792 503
0 1 223 1 32778 473
0 1 224 1 -32727 -543
0 1 225 1 32766 468
0 1 226 1 -32738 -513
0 1 227 1 -32676 -455
0 1 228 1 -32765 -490
0 1 229 1 -32750 -524
0 1 230 1 -32764 -486
0 1 231 1 -32786 -476
0 1 232 1 -32700 -501
0 1 233 1 -32744 -479
0 1 234 1 32740 460
0 1 235 1 -32779 -467
0 1 236 1 32737 522
0 1 237 1 32815 446
0 1 238 1 -32740 -502
0 1 239 1 32764 488
0 1 240 1 -32780 -482
0 1 241 1 32782 484
0 1 242 1 -32690 -467
0 1 243 1 32787 484
0 1 244 1 32775 478
0 1 245 1 -32733 -464
0 1 246 1 32779 601
0 1 247 1 32804 432
0 1 248 1 -32706 -508
0 1 249 1 32742 448
0 1 250 1 32730 511
0 1 251 1 -32727 -391
0 1 252 1 -32730 -494
0 1 253 1 -32718 -496
0 1 254 1 32674 538
0 1 255 1 32702 593
0 2 0 1 -198 -235
0 2 1 1 33085 512
0 2 2 1 32898 671
0 2 3 1 32636 488
0 2 4 1 -32773 -505
0 2 5 1 -32593 -409
0 2 6 1 32726 530
0 2 7 1 -32805 -497
0 2 8 1 -32711 -509
0 2 9 1 -32772 -495
0 2 10 1 -32852 -437
0 2 11 1 32785 474
0 2 12 1 32783 498
0 2 13 1 32781 505
0 2 14 1 -32766 -437
0 2 15 1 -32763 -536
0 2 16 1 32735 513
0 2 17 1 -32798 -471
0 2 18 1 32775 442
0 2 19 1 32750 528
0 2 20 1 32757 504
0 2 21 1 -32722 -488
0 2 22 1 -32740 -504
0 2 23 1 -32739 -456
0 2 24 1 -32759 -526
0 2 25 1 32776 490
0 2 26 1 32811 502
0 2 27 1 -32751 -496
0 2 28 1 32743 467
0 2 29 1 -32744 -490
0 2 30 1 -32748 -470
0 2 31 1 32754 458
0 2 32 1 -32748 -479
0 2 33 1 32798 470
0 2 34 1 -32759 -484
0 2 35 1 -32766 -501
0 2 36 1 -32756 -518
0 2 37 1 32776 455
0 2 38 1 32674 578
0 2 39 1 -32660 -513
0 2 40 1 32830 532
0 2 41 1 -32783 -477
0 2 42 1 32742 464
0 2 43 1 -32743 -455
0 2 44 1 32798 515
0 2 45 1 32793 506
0 2 46 1 -32800 -510
0 2 47 1 32775 498
0 2 48 1 -32771 -500
0 2 49 1 -32770 -519
0 2 50 1 -32753 -517
0 2 51 1 -32734 -477
0 2 52 1 -32782 -489
0 2 53 1 32759 509
0 2 54 1 32792 500
0 2 55 1 -32773 -485
0 2 56 1 32787 462
0 2 57 1 -32728 -475
0 2 58 1 -32757 -496
0 2 59 1 -32780 -495
0 2 60 1 -32764 -452
0 2 61 1 -32742 -481
0 2 62 1 32746 493
0 2 63 1 -32752 -486
0 2 64 1 -32753 -514
0 2 65 1 32749 498
0 2 66 1 32759 473
0 2 67 1 32765 484
0 2 68 1 32752 447
0 2 69 1 32758 473
0 2 70 1 -32760 -485
0 2 71 1 -32745 -464
0 2 72 1 32757 504
0 2 73 1 32788 475
0 2 74 1 -32767 -510
0 2 75 1 32781 495
0 2 76 1 -32760 -467
0 2 77 1 32783 484
0 2 78 1 32777 469
0 2 79 1 32768 511
0 2 80 1 -32801 -463
0 2 81 1 32758 499
0 2 82 1 -32754 -509
0 2 83 1 32760 499
0 2 84 1 32772 512
0 2 85 1 -32775 -515
0 2 86 1 -32754 -490
0 2 87 1 -32766 -508
0 2 88 1 -32766 -493
0 2 89 1 -32743 -488
0 2 90 1 -32766 -514
0 2 91 1 -32780 -493
0 2 92 1 -32777 -518
0 2 93 1 -32777 -471
0 2 94 1 32729 530
0 2 95 1 32767 469
0 2 96 1 32735 480
0 2 97 1 32756 495
0 2 98 1 -32746 -527
0 2 99 1 32760 454
0 2 100 1 32762 496
0 2 101 1 -32771 -496
0 2 102 1 32758 481
0 2 103 1 32777 515
0 2 104 1 -32792 -482
0 2 105 1 -32771 -506
0 2 106 1 -32776 -500
0 2 107 1 -32773 -497
0 2 108 1 32763 497
0 2 109 1 -32766 -503
0 2 110 1 32766 507
0 2 111 1 32755 492
0 2 112 1 -32769 -493
0 2 113 1 -14 0
0 2 114 1 14 14
0 2 115 1 -28 6
0 2 116 1 -18 6
0 2 117 1 22 30
0 2 118 1 -6 5
0 2 119 1 7 -32
0 2 120 1 3 5
0 2 121 1 -8 -43
0 2 122 1 4 33
0 2 123 1 -24 34
0 2 124 1 -24 1
0 2 125 1 -10 -9
0 2 126 1 -14 -42
0 2 127 1 3 17
0 2 128 1 10 -4
0 2 129 1 2 15
0 2 130 1 35 -10
0 2 131 1 4 21
0 2 132 1 -23 3
0 2 133 1 4 17
0 2 134 1 -37 -31
0 2 135 1 -7 -42
0 2 136 1 15 25
0 2 137 1 21 -44
0 2 138 1 -6 37
0 2 139 1 -32 -12
0 2 140 1 -30 1
0 2 141 1 -13 -31
0 2 142 1 10 32
0 2 143 1 -17 -39
0 2 144 1 32733 495
0 2 145 1 -32775 -494
0 2 146 1 -32749 -538
0 2 147 1 32789 493
0 2 148 1 32755 499
0 2 149 1 -32776 -482
0 2 150 1 -32789 -522
0 2 151 1 -32765 -481
0 2 152 1 32744 493
0 2 153 1 32741 500
0 2 154 1 32747 514
0 2 155 1 32778 469
0 2 156 1 -32783 -497
0 2 157 1 32781 473
0 2 158 1 32834 441
0 2 159 1 32772 474
0 2 160 1 -32769 -454
0 2 161 1 -32774 -513
0 2 162 1 32729 468
0 2 163 1 32758 501
0 2 164 1 -32725 -518
0 2 165 1 -32724 -521
0 2 166 1 32735 517
0 2 167 1 -32755 -502
0 2 168 1 -32785 -505
0 2 169 1 32769 489
0 2 170 1 -32774 -475
0 2 171 1 -32746 -508
0 2 172 1 32748 468
0 2 173 1 -32791 -524
0 2 174 1 -32781 -473
0 2 175 1 32749 508
0 2 176 1 -32749 -471
0 2 177 1 32761 536
0 2 178 1 -32779 -511
0 2 179 1 32796 449
0 2 180 1 -32791 -487
0 2 181 1 -32776 -496
0 2 182 1 -32756 -507
0 2 183 1 -32750 -512
0 2 184 1 32773 474
0 2 185 1 -32742 -508
0 2 186 1 32748 508
0 2 187 1 -32766 -464
0 2 188 1 -32754 -487
0 2 189 1 -32734 -514
0 2 190 1 32758 475
0 2 191 1 32777 533
0 2 192 1 32741 485
0 2 193 1 -32803 -515
0 2 194 1 -32777 -473
0 2 195 1 -32756 -484
0 2 196 1 32728 474
0 2 197 1 -32754 -508
0 2 198 1 -32792 -493
0 2 199 1 -32761 -537
0 2 200 1 -32736 -502
0 2 201 1 32714 499
0 2 202 1 -32828 -489
0 2 203 1 -32746 -468
0 2 204 1 -32768 -490
0 2 205 1 32740 514
0 2 206 1 32801 468
0 2 207 1 -32759 -496
0 2 208 1 32744 485
0 2 209 1 -32783 -475
0 2 210 1 -32756 -500
0 2 211 1 -32761 -451
0 2 212 1 -32762 -498
0 2 213 1 32738 478
0 2 214 1 -32713 -493
0 2 215 1 32766 456
0 2 216 1 32708 421
0 2 217 1 32791 359
0 2 218 1 -32790 -448
0 2 219 1 32772 475
0 2 220 1 -32750 -490
0 2 221 1 32769 517
0 2 222 1 -32729 -471
0 2 223 1 32797 500
0 2 224 1 -32729 -510
0 2 225 1 -32763 -458
0 2 226 1 32764 477
0 2 227 1 32733 473
0 2 228 1 32789 502
0 2 229 1 -32739 -495
0 2 230 1 -32778 -515
0 2 231 1 32733 472
0 2 232 1 -32777 -462
0 2 233 1 -32758 -494
0 2 234 1 32811 443
0 2 235 1 -32796 -511
0 2 236 1 -32797 -516
0 2 237 1 32756 483
0 2 238 1 32824 484
0 2 239 1 -32795 -472
0 2 240 1 32734 497
0 2 241 1 -32739 -557
0 2 242 1 -32768 -498
0 2 243 1 32706 508
0 2 244 1 -32828 -558
0 2 245 1 32794 476
0 2 246 1 32694 557
0 2 247 1 32728 512
0 2 248 1 -32731 -543
0 2 249 1 -32734 -486
0 2 250 1 32684 543
0 2 251 1 32696 329
0 2 252 1 32757 478
0 2 253 1 -32797 -397
0 2 254 1 32588 367
0 2 255 1 32803 158
0 3 0 2 156 -563
0 3 1 2 32709 507
0 3 2 2 25559 -14876
0 3 3 2 -4717 -25332
0 3 4 2 -5136 5020
0 3 5 2 14813 15326
0 3 6 2 -25512 14786
0 3 7 2 15414 -14953
0 3 8 2 35920 -34877
0 3 9 2 -14933 -15397
0 3 10 2 -5052 -5214
0 3 11 2 15348 -14991
0 3 12 2 5597 -35342
0 3 13 2 25492 -14757
0 3 14 2 -34847 -35869
0 3 15 2 24874 25594
0 3 16 2 -25345 4686
0 3 17 2 35150 15667
0 3 18 2 -25686 24884
0 3 19 2 4810 15311
0 3 20 2 15680 -35180
0 3 21 2 -4857 -15222
0 3 22 2 4846 15222
0 3 23 2 35917 -34855
0 3 24 2 -5141 5012
0 3 25 2 -4660 -25360
0 3 26 2 -5145 4960
0 3 27 2 -5280 15106
0 3 28 2 14913 15357
0 3 29 2 -25385 4733
0 3 30 2 15551 -25095
0 3 31 2 25512 -14766
0 3 32 2 -24720 -35776
0 3 33 2 32777 466
0 3 34 2 -24767 -35720
0 3 35 2 4800 15244
0 3 36 2 15525 -25091
0 3 37 2 -4607 -25368
0 3 38 2 5497 -25189
0 3 39 2 24927 15571
0 3 40 2 -5287 15123
0 3 41 2 4468 35477
0 3 42 2 -35801 24743
0 3 43 2 35007 25782
0 3 44 2 -4847 -15223
0 3 45 2 15567 -25066
0 3 46 2 -14961 -15392
0 3 47 2 14786 25517
0 3 48 2 -35759 24699
0 3 49 2 5399 -25196
0 3 50 2 25503 -14775
0 3 51 2 24894 25616
0 3 52 2 25050 15525
0 3 53 2 35960 -34889
0 3 54 2 5441 -25203
0 3 55 2 25664 -24893
0 3 56 2 4880 15227
0 3 57 2 25050 15571
0 3 58 2 35051 25799
0 3 59 2 -5297 15066
0 3 60 2 -35638 14626
0 3 61 2 25381 -4666
0 3 62 2 25505 -14805
0 3 63 2 5613 -35301
0 3 64 2 -34831 -35958
0 3 65 2 32736 471
0 3 66 2 -15402 14958
0 3 67 2 -4704 -25359
0 3 68 2 35909 -34830
0 3 69 2 -5294 15063
0 3 70 2 -4953 -5143
0 3 71 2 -34894 -35885
0 3 72 2 14793 25496
0 3 73 2 -5268 15079
0 3 74 2 5573 -35293
0 3 75 2 -25507 14792
0 3 76 2 -24912 -25674
0 3 77 2 -5435 25194
0 3 78 2 14616 35668
0 3 79 2 -4644 -25341
0 3 80 2 4669 25352
0 3 81 2 15103 5302
0 3 82 2 -35284 -5604
0 3 83 2 -15382 14938
0 3 84 2 -4660 -25341
0 3 85 2 -4862 -15239
0 3 86 2 -34832 -35937
0 3 87 2 -25174 -5423
0 3 88 2 -15384 14911
0 3 89 2 -14767 -25502
0 3 90 2 35007 25803
0 3 91 2 -35624 14645
0 3 92 2 35184 15693
0 3 93 2 -34871 -35921
0 3 94 2 5132 -4996
0 3 95 2 14657 35642
0 3 96 2 25636 -24915
0 3 97 2 32773 486
0 3 98 2 -15197 4837
0 3 99 2 -25502 14746
0 3 100 2 -25651 24901
0 3 101 2 25637 -24912
0 3 102 2 34858 35898
0 3 103 2 -35948 34838
0 3 104 2 -25677 24923
0 3 105 2 -34889 -35921
0 3 106 2 -15399 14956
0 3 107 2 5436 -25200
0 3 108 2 5298 -15092
0 3 109 2 -34986 -25809
0 3 110 2 -24737 -35741
0 3 111 2 24891 25679
0 3 112 2 25368 -4679
0 3 113 2 4 10
0 3 114 2 23 46
0 3 115 2 -12 -40
0 3 116 2 -17 28
0 3 117 2 26 34
0 3 118 2 -8 0
0 3 119 2 20 1
0 3 120 2 -3 -18
0 3 121 2 24 -11
0 3 122 2 28 -16
0 3 123 2 -7 11
0 3 124 2 31 41
0 3 125 2 -9 4
0 3 126 2 8 1
0 3 127 2 -8 2
0 3 128 2 10 -15
0 3 129 2 4 -11
0 3 130 2 2 50
0 3 131 2 30 9
0 3 132 2 3 19
0 3 133 2 11 27
0 3 134 2 15 33
0 3 135 2 -25 -22
0 3 136 2 9 -16
0 3 137 2 -10 -22
0 3 138 2 30 -7
0 3 139 2 12 14
0 3 140 2 -43 8
0 3 141 2 -5 -9
0 3 142 2 13 -20
0 3 143 2 22 -19
0 3 144 2 -34837 -35873
0 3 145 2 35456 -4526
0 3 146 2 -4644 -25337
0 3 147 2 14749 25486
0 3 148 2 -5576 35330
0 3 149 2 35316 5586
0 3 150 2 15566 -25060
0 3 151 2 35004 25802
0 3 152 2 -35944 34865
0 3 153 2 5264 -15109
0 3 154 2 -25506 14760
0 3 155 2 -35437 4540
0 3 156 2 -24736 -35770
0 3 157 2 35013 25806
0 3 158 2 5595 -35318
0 3 159 2 32786 461
0 3 160 2 -14799 -25511
0 3 161 2 34854 35889
0 3 162 2 15405 -14941
0 3 163 2 15106 5280
0 3 164 2 35473 -4517
0 3 165 2 -25157 -5474
0 3 166 2 -15247 4843
0 3 167 2 -15207 4807
0 3 168 2 4790 15272
0 3 169 2 35925 -34842
0 3 170 2 25370 -4667
0 3 171 2 15420 -14950
0 3 172 2 -25346 4682
0 3 173 2 -25196 -5437
0 3 174 2 5481 -25222
0 3 175 2 14780 25523
0 3 176 2 35423 -4550
0 3 177 2 5465 -25270
0 3 178 2 -15243 4832
0 3 179 2 15412 -14912
0 3 180 2 35925 -34830
0 3 181 2 -34983 -25786
0 3 182 2 -4831 -15271
0 3 183 2 -35932 34879
0 3 184 2 -34988 -25840
0 3 185 2 35290 5588
0 3 186 2 35775 -24722
0 3 187 2 15581 -25038
0 3 188 2 -15384 14936
0 3 189 2 25501 -14831
0 3 190 2 -14625 -35657
0 3 191 2 32766 547
0 3 192 2 35977 -34844
0 3 193 2 14638 35614
0 3 194 2 5318 -15062
0 3 195 2 -5575 35339
0 3 196 2 -15683 35180
0 3 197 2 -5399 25190
0 3 198 2 14799 25476
0 3 199 2 -5602 35292
0 3 200 2 35780 -24747
0 3 201 2 -4709 -25334
0 3 202 2 15201 -4833
0 3 203 2 -25779 34976
0 3 204 2 14940 15394
0 3 205 2 15098 5264
0 3 206 2 -5449 25197
0 3 207 2 25519 -14773
0 3 208 2 -15086 -5296
0 3 209 2 24761 35769
0 3 210 2 -15545 25046
0 3 211 2 -4712 -25325
0 3 212 2 24733 35789
0 3 213 2 -35321 -5606
0 3 214 2 4823 15266
0 3 215 2 -14616 -35632
0 3 216 2 -24943 -25671
0 3 217 2 25503 -14651
0 3 218 2 -25557 14751
0 3 219 2 15126 5251
0 3 220 2 24805 35758
0 3 221 2 -15521 25045
0 3 222 2 -24912 -25605
0 3 223 2 32766 504
0 3 224 2 25355 -4664
0 3 225 2 15693 -35188
0 3 226 2 4520 35447
0 3 227 2 -25841 35022
0 3 228 2 25785 -35040
0 3 229 2 35311 5568
0 3 230 2 35925 -34815
0 3 231 2 -15503 25051
0 3 232 2 -4520 -35486
0 3 233 2 25641 -24907
0 3 234 2 -15672 35124
0 3 235 2 5137 -4964
0 3 236 2 -25620 24863
0 3 237 2 5259 -15119
0 3 238 2 -35321 -5573
0 3 239 2 -35617 14643
0 3 240 2 -14625 -35594
0 3 241 2 15116 5300
0 3 242 2 14629 35634
0 3 243 2 -35027 -25827
0 3 244 2 25391 -4658
0 3 245 2 -4517 -35433
0 3 246 2 -15476 25066
0 3 247 2 14611 35596
0 3 248 2 5140 -4973
0 3 249 2 -4796 -15252
0 3 250 2 -34997 -25790
0 3 251 2 -4755 -15174
0 3 252 2 34862 35933
0 3 253 2 -24923 -25621
0 3 254 2 -35272 -5622
0 3 255 2 32784 549
0 4 0 2 28 -429
0 4 1 2 32656 460
0 4 2 2 -24986 -25664
0 4 3 2 -25666 24984
0 4 4 2 -25045 -15500
0 4 5 2 14787 35697
0 4 6 2 25109 15585
0 4 7 2 -4430 -35465
0 4 8 2 5316 -15075
0 4 9 2 -15378 14939
0 4 10 2 5486 -35338
0 4 11 2 -35635 14585
0 4 12 2 -4719 -25341
0 4 13 2 -5009 -5112
0 4 14 2 25603 -24913
0 4 15 2 14623 35582
0 4 16 2 25527 -14739
0 4 17 2 25831 -34991
0 4 18 2 4584 35458
0 4 19 2 -5379 25168
0 4 20 2 25185 5446
0 4 21 2 4983 5150
0 4 22 2 -25848 35003
0 4 23 2 -35921 34860
0 4 24 2 35721 -24714
0 4 25 2 -15406 14946
0 4 26 2 -4840 -15226
0 4 27 2 24778 35754
0 4 28 2 -14751 -25457
0 4 29 2 25056 15493
0 4 30 2 35348 5562
0 4 31 2 14746 25468
0 4 32 2 -4657 -25348
0 4 33 2 32719 518
0 4 34 2 15393 -14897
0 4 35 2 15263 -4774
0 4 36 2 35504 -4454
0 4 37 2 25204 5486
0 4 38 2 -25430 14807
0 4 39 2 25590 -24946
0 4 40 2 -34879 -35967
0 4 41 2 24933 25673
0 4 42 2 -4699 -25370
0 4 43 2 25804 -35015
0 4 44 2 -15689 35148
0 4 45 2 -5139 5012
0 4 46 2 15126 5234
0 4 47 2 -25484 14801
0 4 48 2 35809 -24727
0 4 49 2 25664 -24862
0 4 50 2 35343 5610
0 4 51 2 -25036 -15571
0 4 52 2 -24907 -25622
0 4 53 2 -25688 24902
0 4 54 2 -4562 -35505
0 4 55 2 5415 -25193
0 4 56 2 25500 -14793
0 4 57 2 5433 -25182
0 4 58 2 -15661 35171
0 4 59 2 25684 -24907
0 4 60 2 14833 25479
0 4 61 2 5317 -15120
0 4 62 2 5584 -35318
0 4 63 2 -15417 14919
0 4 64 2 25069 15526
0 4 65 2 32742 477
0 4 66 2 35440 -4495
0 4 67 2 25182 5487
0 4 68 2 35023 25814
0 4 69 2 -5282 15068
0 4 70 2 5430 -25168
0 4 71 2 35627 -14603
0 4 72 2 -14940 -15421
0 4 73 2 34986 25824
0 4 74 2 -14785 -25550
0 4 75 2 -4486 -35438
0 4 76 2 -35777 24746
0 4 77 2 -25621 24937
0 4 78 2 35155 15707
0 4 79 2 15166 -4851
0 4 80 2 34838 35947
0 4 81 2 5301 -15065
0 4 82 2 5295 -15109
0 4 83 2 25058 15527
0 4 84 2 5277 -15115
0 4 85 2 -5140 4959
0 4 86 2 -5278 15074
0 4 87 2 5440 -25185
0 4 88 2 35285 5595
0 4 89 2 35307 5579
0 4 90 2 4827 15244
0 4 91 2 -4809 -15269
0 4 92 2 -34858 -35932
0 4 93 2 -35951 34859
0 4 94 2 5548 -35314
0 4 95 2 5378 -25187
0 4 96 2 -25038 -15517
0 4 97 2 32785 526
0 4 98 2 15256 -4770
0 4 99 2 -15698 35122
0 4 100 2 -4837 -15245
0 4 101 2 5313 -15101
0 4 102 2 -25220 -5456
0 4 103 2 4543 35477
0 4 104 2 4838 15243
0 4 105 2 25486 -14820
0 4 106 2 -25358 4710
0 4 107 2 -5451 25218
0 4 108 2 -15666 35198
0 4 109 2 5107 -4941
0 4 110 2 25192 5490
0 4 111 2 4536 35455
0 4 112 2 -35313 -5562
0 4 113 2 4 -57
0 4 114 2 -31 15
0 4 115 2 -31 -12
0 4 116 2 -3 12
0 4 117 2 4 20
0 4 118 2 -27 13
0 4 119 2 7 -21
0 4 120 2 36 -2
0 4 121 2 25 -19
0 4 122 2 52 -4
0 4 123 2 -5 8
0 4 124 2 19 -26
0 4 125 2 -8 -18
0 4 126 2 10 -11
0 4 127 2 -38 9
0 4 128 2 -6 22
0 4 129 2 18 12
0 4 130 2 35 -5
0 4 131 2 14 -1
0 4 132 2 -20 -11
0 4 133 2 10 5
0 4 134 2 -13 -27
0 4 135 2 -10 12
0 4 136 2 4 -2
0 4 137 2 0 8
0 4 138 2 24 10
0 4 139 2 6 -18
0 4 140 2 38 -32
0 4 141 2 0 -41
0 4 142 2 -10 -11
0 4 143 2 54 12
0 4 144 2 35743 -24774
0 4 145 2 5003 5113
0 4 146 2 5375 -25221
0 4 147 2 -25069 -15557
0 4 148 2 35602 -14625
0 4 149 2 -14966 -15396
0 4 150 2 -35906 34872
0 4 151 2 5596 -35298
0 4 152 2 35630 -14627
0 4 153 2 -5105 4936
0 4 154 2 4685 25358
0 4 155 2 -15081 -5322
0 4 156 2 -35126 -15746
0 4 157 2 25393 -4661
0 4 158 2 -5499 25226
0 4 159 2 32761 504
0 4 160 2 25353 -4667
0 4 161 2 5157 -4963
0 4 162 2 -15566 25019
0 4 163 2 -24869 -25661
0 4 164 2 -15415 14935
0 4 165 2 5273 -15093
0 4 166 2 24720 35736
0 4 167 2 34971 25818
0 4 168 2 -14673 -35625
0 4 169 2 -5296 15100
0 4 170 2 -5157 4981
0 4 171 2 25690 -24868
0 4 172 2 14939 15409
0 4 173 2 -14754 -25513
0 4 174 2 15410 -14950
0 4 175 2 15565 -25056
0 4 176 2 -15284 4827
0 4 177 2 -25793 35046
0 4 178 2 15677 -35215
0 4 179 2 -35159 -15703
0 4 180 2 -25068 -15560
0 4 181 2 25332 -4684
0 4 182 2 25346 -4662
0 4 183 2 -35744 24762
0 4 184 2 14652 35624
0 4 185 2 14949 15375
0 4 186 2 -4992 -5111
0 4 187 2 15701 -35156
0 4 188 2 14936 15384
0 4 189 2 35148 15725
0 4 190 2 -4694 -25319
0 4 191 2 32712 492
0 4 192 2 -34847 -35880
0 4 193 2 4627 25364
0 4 194 2 35346 5608
0 4 195 2 -4828 -15301
0 4 196 2 14686 35590
0 4 197 2 25793 -35040
0 4 198 2 25514 -14775
0 4 199 2 15052 5302
0 4 200 2 35902 -34850
0 4 201 2 -35043 -25774
0 4 202 2 -35147 -15688
0 4 203 2 -24717 -35752
0 4 204 2 14798 25519
0 4 205 2 14843 25500
0 4 206 2 35321 5592
0 4 207 2 15684 -35180
0 4 208 2 -14944 -15433
0 4 209 2 14956 15416
0 4 210 2 -15698 35109
0 4 211 2 15275 -4836
0 4 212 2 -35483 4528
0 4 213 2 5603 -35327
0 4 214 2 -35034 -25804
0 4 215 2 -14804 -25536
0 4 216 2 -4491 -35392
0 4 217 2 35202 15689
0 4 218 2 -25696 24836
0 4 219 2 14787 25509
0 4 220 2 24678 35760
0 4 221 2 -25514 14745
0 4 222 2 -35767 24688
0 4 223 2 32790 521
0 4 224 2 -25509 14757
0 4 225 2 15390 -14943
0 4 226 2 -35019 -25791
0 4 227 2 -4658 -25361
0 4 228 2 25504 -14850
0 4 229 2 -25497 14766
0 4 230 2 15369 -14969
0 4 231 2 -5181 4966
0 4 232 2 35527 -14588
0 4 233 2 35316 5609
0 4 234 2 25294 -4638
0 4 235 2 -35304 -5576
0 4 236 2 -5259 15084
0 4 237 2 14671 35571
0 4 238 2 5155 -4953
0 4 239 2 14778 25471
0 4 240 2 -5134 4943
0 4 241 2 15231 -4824
0 4 242 2 5112 -4988
0 4 243 2 -4523 -35413
0 4 244 2 -35761 24786
0 4 245 2 5414 -25143
0 4 246 2 -4492 -35424
0 4 247 2 15681 -35222
0 4 248 2 4856 15205
0 4 249 2 4945 5104
0 4 250 2 -25077 -15616
0 4 251 2 5531 -35376
0 4 252 2 25315 -4696
0 4 253 2 15171 -4875
0 4 254 2 15384 -14886
0 4 255 2 32804 632
0 5 0 2 -87 -319
0 5 1 2 32940 500
0 5 2 2 5388 -25036
0 5 3 2 -15196 4728
0 5 4 2 15311 -4811
0 5 5 2 -25182 -15575
0 5 6 2 35191 15713
0 5 7 2 -15408 14967
0 5 8 2 15092 5281
0 5 9 2 35497 -4606
0 5 10 2 -35238 -15624
0 5 11 2 4676 25330
0 5 12 2 25819 -34984
0 5 13 2 4512 35473
0 5 14 2 5442 -25206
0 5 15 2 4636 25408
0 5 16 2 5214 -15062
0 5 17 2 25693 -24909
0 5 18 2 -4692 -25318
0 5 19 2 -25577 14753
0 5 20 2 4694 25341
0 5 21 2 24718 35770
0 5 22 2 25381 -4658
0 5 23 2 -35320 -5589
0 5 24 2 -5297 15103
0 5 25 2 4991 5155
0 5 26 2 15211 -4841
0 5 27 2 15678 -35160
0 5 28 2 -34832 -35967
0 5 29 2 -35654 14666
0 5 30 2 -25496 14789
0 5 31 2 -34820 -35895
0 5 32 2 35312 5578
0 5 33 2 32761 488
0 5 34 2 -25045 -15504
0 5 35 2 -34993 -25788
0 5 36 2 -34967 -25848
0 5 37 2 -4987 -5135
0 5 38 2 -35932 24706
0 5 39 2 -35748 24749
0 5 40 2 -35188 -15678
0 5 41 2 35946 -34799
0 5 42 2 35146 15712
0 5 43 2 4979 5128
0 5 44 2 15092 5302
0 5 45 2 25644 -24872
0 5 46 2 -15214 4815
0 5 47 2 15101 5285
0 5 48 2 -35940 34869
0 5 49 2 -14663 -35623
0 5 50 2 -4492 -35440
0 5 51 2 -35313 -5588
0 5 52 2 -35784 24735
0 5 53 2 35626 -14592
0 5 54 2 -4524 -35490
0 5 55 2 -15718 35129
0 5 56 2 15664 -35162
0 5 57 2 -5475 25217
0 5 58 2 -4809 -15222
0 5 59 2 25063 15531
0 5 60 2 4986 5133
0 5 61 2 5124 -4977
0 5 62 2 -35635 14639
0 5 63 2 -24885 -25655
0 5 64 2 14655 35657
0 5 65 2 32731 439
0 5 66 2 -25682 24886
0 5 67 2 25075 15592
0 5 68 2 -34846 -35912
0 5 69 2 -34965 -25832
0 5 70 2 35469 -4544
0 5 71 2 35005 25819
0 5 72 2 -25022 -15547
0 5 73 2 -14956 -15391
0 5 74 2 -15237 4815
0 5 75 2 -5619 35328
0 5 76 2 35889 -34853
0 5 77 2 5469 -25160
0 5 78 2 -35027 -25824
0 5 79 2 15572 -25008
0 5 80 2 4688 25401
0 5 81 2 -25837 34998
0 5 82 2 35639 -14615
0 5 83 2 5271 -15095
0 5 84 2 -34881 -35916
0 5 85 2 -25509 14793
0 5 86 2 -15281 4853
0 5 87 2 15426 -14952
0 5 88 2 -4665 -25370
0 5 89 2 24998 15533
0 5 90 2 -25683 24872
0 5 91 2 5466 -25181
0 5 92 2 -35947 34833
0 5 93 2 35817 -24735
0 5 94 2 25817 -35001
0 5 95 2 -35606 14634
0 5 96 2 -35487 4556
0 5 97 2 32811 484
0 5 98 2 35138 15676
0 5 99 2 34988 25799
0 5 100 2 -34861 -35909
0 5 101 2 -35415 4462
0 5 102 2 25363 -4675
0 5 103 2 4801 15216
0 5 104 2 35607 -14608
0 5 105 2 -35581 14649
0 5 106 2 15762 -35159
0 5 107 2 -15256 4853
0 5 108 2 35110 15665
0 5 109 2 -25470 14782
0 5 110 2 -35289 -5614
0 5 111 2 4992 5143
0 5 112 2 35299 5568
0 5 113 2 -4 10
0 5 114 2 -13 0
0 5 115 2 12 -16
0 5 116 2 -34 -4
0 5 117 2 30 -24
0 5 118 2 17 19
0 5 119 2 8 51
0 5 120 2 37 -4
0 5 121 2 0 -17
0 5 122 2 -3 -8
0 5 123 2 -18 -47
0 5 124 2 -29 -15
0 5 125 2 25 13
0 5 126 2 -2 1
0 5 127 2 28 19
0 5 128 2 -14 -59
0 5 129 2 1 -9
0 5 130 2 8 -4
0 5 131 2 -28 -44
0 5 132 2 0 11
0 5 133 2 5 22
0 5 134 2 -5 5
0 5 135 2 0 -14
0 5 136 2 10 -27
0 5 137 2 20 -13
0 5 138 2 0 15
0 5 139 2 -32 -26
0 5 140 2 18 -49
0 5 141 2 -7 4
0 5 142 2 34 15
0 5 143 2 6 26
0 5 144 2 35793 -24730
0 5 145 2 -4478 -35462
0 5 146 2 15095 5272
0 5 147 2 5290 -15078
0 5 148 2 -34818 -35935
0 5 149 2 4989 5149
0 5 150 2 4986 5090
0 5 151 2 25058 15574
0 5 152 2 14909 15382
0 5 153 2 -35674 14643
0 5 154 2 25183 5447
0 5 155 2 -35814 24740
0 5 156 2 -25557 14785
0 5 157 2 -25174 -5418
0 5 158 2 35791 -24721
0 5 159 2 32725 473
0 5 160 2 -4850 -15264
0 5 161 2 -34872 -35924
0 5 162 2 -15575 25034
0 5 163 2 35770 -24762
0 5 164 2 -35191 -15690
0 5 165 2 -4940 -5133
0 5 166 2 14786 25483
0 5 167 2 15261 -4854
0 5 168 2 -5173 4985
0 5 169 2 34855 35892
0 5 170 2 -15279 4849
0 5 171 2 -35617 14608
0 5 172 2 -35793 24717
0 5 173 2 25838 -35006
0 5 174 2 -14834 -25555
0 5 175 2 -35321 -5568
0 5 176 2 -14939 -15407
0 5 177 2 -4848 -15261
0 5 178 2 -15091 -5300
0 5 179 2 15683 -35126
0 5 180 2 -5472 25241
0 5 181 2 -14633 -35618
0 5 182 2 -25330 4661
0 5 183 2 -34988 -25821
0 5 184 2 5426 -25200
0 5 185 2 25053 15563
0 5 186 2 15113 5318
0 5 187 2 -14626 -35612
0 5 188 2 35172 15722
0 5 189 2 15708 -35130
0 5 190 2 5555 -35323
0 5 191 2 32757 522
0 5 192 2 -5157 4996
0 5 193 2 14785 25490
0 5 194 2 15097 5353
0 5 195 2 -24768 -35775
0 5 196 2 -25634 24906
0 5 197 2 4970 5143
0 5 198 2 14756 25453
0 5 199 2 -35329 -5565
0 5 200 2 15704 -35144
0 5 201 2 14954 15390
0 5 202 2 15218 -4822
0 5 203 2 -24927 -25673
0 5 204 2 -4627 -25380
0 5 205 2 -35131 -15708
0 5 206 2 35297 5580
0 5 207 2 -15210 4828
0 5 208 2 34995 25835
0 5 209 2 -14914 -15388
0 5 210 2 -14733 -25536
0 5 211 2 4969 5104
0 5 212 2 15078 5257
0 5 213 2 15671 -35164
0 5 214 2 -24775 -35793
0 5 215 2 15215 -4863
0 5 216 2 -4677 -25333
0 5 217 2 25788 -35071
0 5 218 2 -25309 4788
0 5 219 2 -35317 -5571
0 5 220 2 -25603 24881
0 5 221 2 -35297 -5576
0 5 222 2 -25712 24840
0 5 223 2 32778 492
0 5 224 2 34973 25845
0 5 225 2 15718 -35158
0 5 226 2 -25775 35010
0 5 227 2 -5184 4997
0 5 228 2 -25342 4654
0 5 229 2 25692 -24872
0 5 230 2 15518 -25046
0 5 231 2 15132 5255
0 5 232 2 -15119 -5236
0 5 233 2 -25019 -15581
0 5 234 2 -24753 -35759
0 5 235 2 -35004 -25815
0 5 236 2 35028 25802
0 5 237 2 -15049 -5249
0 5 238 2 -5602 35358
0 5 239 2 25789 -35050
0 5 240 2 -34871 -35898
0 5 241 2 -14963 -15410
0 5 242 2 -15656 35132
0 5 243 2 -24921 -25663
0 5 244 2 -35631 14631
0 5 245 2 -35461 4541
0 5 246 2 -14871 -25453
0 5 247 2 -14884 -15444
0 5 248 2 -5371 25169
0 5 249 2 -5325 15107
0 5 250 2 25197 5400
0 5 251 2 15395 -14858
0 5 252 2 35897 -34923
0 5 253 2 15798 -35145
0 5 254 2 -15343 4900
0 5 255 2 32747 341
0 6 0 2 -130 -306
0 6 1 2 32690 471
0 6 2 2 -35915 34828
0 6 3 2 35245 5512
0 6 4 2 -35373 -5595
0 6 5 2 -14746 -25598
0 6 6 2 25224 5424
0 6 7 2 5280 -15100
0 6 8 2 5596 -35382
0 6 9 2 25641 -24956
0 6 10 2 -15220 4901
0 6 11 2 35747 -24741
0 6 12 2 25808 -34989
0 6 13 2 -35267 -5584
0 6 14 2 5595 -35320
0 6 15 2 4919 5154
0 6 16 2 14785 25533
0 6 17 2 -5286 15079
0 6 18 2 -35781 24716
0 6 19 2 -25219 -5396
0 6 20 2 35129 15675
0 6 21 2 15109 5288
0 6 22 2 -35750 24711
0 6 23 2 4664 25333
0 6 24 2 -15432 14917
0 6 25 2 -25668 24875
0 6 26 2 4676 25372
0 6 27 2 24870 25688
0 6 28 2 35289 5575
0 6 29 2 25680 -24932
0 6 30 2 -5121 4990
0 6 31 2 35009 25841
0 6 32 2 24896 25673
0 6 33 2 32788 496
0 6 34 2 -34806 -35953
0 6 35 2 15700 -35120
0 6 36 2 -35950 34842
0 6 37 2 25341 -4697
0 6 38 2 25695 -24881
0 6 39 2 -35072 -25719
0 6 40 2 25128 15576
0 6 41 2 5459 -25165
0 6 42 2 -25549 14797
0 6 43 2 35617 -14618
0 6 44 2 5430 -25207
0 6 45 2 5106 -4974
0 6 46 2 4835 15254
0 6 47 2 -4966 -5113
0 6 48 2 -4627 -25350
0 6 49 2 4549 35469
0 6 50 2 -14647 -35628
0 6 51 2 -4822 -15265
0 6 52 2 5454 -25179
0 6 53 2 5409 -25208
0 6 54 2 24876 25696
0 6 55 2 -14919 -15406
0 6 56 2 -14630 -35651
0 6 57 2 -4996 -5146
0 6 58 2 -15064 -5270
0 6 59 2 25638 -24908
0 6 60 2 4537 35493
0 6 61 2 25048 15536
0 6 62 2 25539 -14787
0 6 63 2 -4809 -15251
0 6 64 2 14654 35626
0 6 65 2 32750 535
0 6 66 2 15250 -4835
0 6 67 2 -35293 -5577
0 6 68 2 -35450 4489
0 6 69 2 15547 -25021
0 6 70 2 -4826 -15275
0 6 71 2 -5156 4955
0 6 72 2 15684 -35176
0 6 73 2 25339 -4670
0 6 74 2 -4808 -15217
0 6 75 2 -15683 35220
0 6 76 2 15222 -4810
0 6 77 2 -15572 25020
0 6 78 2 -35924 34907
0 6 79 2 -15690 35118
0 6 80 2 -34999 -25837
0 6 81 2 5424 -25237
0 6 82 2 -4950 -5147
0 6 83 2 -35929 34866
0 6 84 2 5139 -4999
0 6 85 2 -5323 15068
0 6 86 2 14930 15379
0 6 87 2 24768 35777
0 6 88 2 35936 -34845
0 6 89 2 -15724 35131
0 6 90 2 15721 -35186
0 6 91 2 -5590 35356
0 6 92 2 25648 -24873
0 6 93 2 -5263 15084
0 6 94 2 -4954 -5122
0 6 95 2 -15086 -5280
0 6 96 2 -25201 -5456
0 6 97 2 32761 503
0 6 98 2 -25466 14731
0 6 99 2 -14769 -25487
0 6 100 2 14621 35605
0 6 101 2 -15406 14951
0 6 102 2 35625 -14625
0 6 103 2 -15689 35174
0 6 104 2 14765 25491
0 6 105 2 -4838 -15280
0 6 106 2 25052 15568
0 6 107 2 -5273 15117
0 6 108 2 -5132 4949
0 6 109 2 25690 -24870
0 6 110 2 -4654 -25329
0 6 111 2 -14611 -35601
0 6 112 2 25357 -4679
0 6 113 2 -10 -11
0 6 114 2 6 20
0 6 115 2 7 -3
0 6 116 2 -28 7
0 6 117 2 77 -41
0 6 118 2 0 9
0 6 119 2 -33 1
0 6 120 2 -54 -13
0 6 121 2 -20 25
0 6 122 2 -6 38
0 6 123 2 9 0
0 6 124 2 -1 -13
0 6 125 2 -31 31
0 6 126 2 1 -5
0 6 127 2 0 -32
0 6 128 2 -12 31
0 6 129 2 -25 -21
0 6 130 2 8 -16
0 6 131 2 -11 -18
0 6 132 2 1 15
0 6 133 2 -8 -27
0 6 134 2 9 1
0 6 135 2 9 12
0 6 136 2 0 13
0 6 137 2 0 11
0 6 138 2 0 25
0 6 139 2 21 -21
0 6 140 2 -28 -1
0 6 141 2 -18 -21
0 6 142 2 24 -12
0 6 143 2 0 -10
0 6 144 2 25689 -24877
0 6 145 2 -14588 -35644
0 6 146 2 15732 -35154
0 6 147 2 25328 -4675
0 6 148 2 -15694 35160
0 6 149 2 35446 -4525
0 6 150 2 14796 25532
0 6 151 2 25663 -24901
0 6 152 2 35316 5596
0 6 153 2 14631 35630
0 6 154 2 -34855 -35955
0 6 155 2 -25035 -15556
0 6 156 2 -35321 -5603
0 6 157 2 -15278 4872
0 6 158 2 -34846 -35964
0 6 159 2 32788 477
0 6 160 2 -25330 4680
0 6 161 2 -24886 -25665
0 6 162 2 15238 -4855
0 6 163 2 35314 5589
0 6 164 2 -4474 -35464
0 6 165 2 -14634 -35647
0 6 166 2 -4678 -25368
0 6 167 2 -35297 -5593
0 6 168 2 35622 -14589
0 6 169 2 -4930 -5147
0 6 170 2 5139 -4950
0 6 171 2 -5271 15112
0 6 172 2 5604 -35307
0 6 173 2 35581 -14595
0 6 174 2 -24721 -35760
0 6 175 2 14806 25504
0 6 176 2 -25803 35041
0 6 177 2 -15522 25038
0 6 178 2 -14966 -15393
0 6 179 2 35503 -4516
0 6 180 2 -35011 -25815
0 6 181 2 -35799 24732
0 6 182 2 -4553 -35440
0 6 183 2 -5024 -5166
0 6 184 2 -24744 -35780
0 6 185 2 -24893 -25607
0 6 186 2 -14920 -15355
0 6 187 2 5276 -15098
0 6 188 2 24749 35764
0 6 189 2 -15251 4810
0 6 190 2 35564 -14628
0 6 191 2 32759 493
0 6 192 2 4980 5116
0 6 193 2 25487 -14735
0 6 194 2 14912 15398
0 6 195 2 5579 -35339
0 6 196 2 -15087 -5280
0 6 197 2 -25009 -15517
0 6 198 2 -15535 25030
0 6 199 2 35789 -24716
0 6 200 2 24913 25626
0 6 201 2 -25065 -15514
0 6 202 2 -34851 -35906
0 6 203 2 -5434 25205
0 6 204 2 -15092 -5255
0 6 205 2 -14970 -15355
0 6 206 2 -15231 4833
0 6 207 2 15404 -14933
0 6 208 2 35016 25826
0 6 209 2 15392 -14939
0 6 210 2 -15124 -5320
0 6 211 2 -35317 -5594
0 6 212 2 -14965 -15417
0 6 213 2 -25840 34983
0 6 214 2 15506 -25061
0 6 215 2 15058 5285
0 6 216 2 24712 35691
0 6 217 2 -36005 34917
0 6 218 2 35633 -14682
0 6 219 2 35482 -4523
0 6 220 2 -25351 4695
0 6 221 2 -35158 -15674
0 6 222 2 -34860 -35937
0 6 223 2 32740 510
0 6 224 2 -25312 4682
0 6 225 2 -4658 -25335
0 6 226 2 5113 -4957
0 6 227 2 15035 15387
0 6 228 2 35418 -4508
0 6 229 2 4961 5138
0 6 230 2 5280 -15112
0 6 231 2 -5114 4987
0 6 232 2 -15055 -5255
0 6 233 2 -25031 -15586
0 6 234 2 35762 -24737
0 6 235 2 34867 35946
0 6 236 2 5305 -15067
0 6 237 2 -25692 24903
0 6 238 2 -5575 35296
0 6 239 2 -14961 -15385
0 6 240 2 4965 5160
0 6 241 2 35742 -24721
0 6 242 2 24909 25704
0 6 243 2 -34820 -35927
0 6 244 2 4527 35440
0 6 245 2 5572 -35307
0 6 246 2 -35552 4489
0 6 247 2 25572 -14797
0 6 248 2 -25328 4661
0 6 249 2 -15245 4869
0 6 250 2 -25198 -5452
0 6 251 2 5492 -25291
0 6 252 2 -35628 14698
0 6 253 2 35681 -14554
0 6 254 2 -25505 14739
0 6 255 2 32789 567
