130
115
22
1
245
250
190
51
114
156
79
21
208
215
158
143
248
54
55
208
54
148
47
153
28
57
140
126
230
222
47
105
179
157
44
192
8
233
149
100
17
58
228
45
61
102
37
212
75
232
191
3
40
88
247
28
159
251
33
49
109
11
185
222
12
59
230
62
213
4
83
111
182
189
4
50
239
97
178
182
176
66
24
131
133
222
164
16
14
222
171
131
145
160
149
45
84
62
47
112
174
96
191
208
35
220
6
237
255
150
152
161
197
183
156
100
53
19
74
117
63
8
217
29
70
6
84
112
208
77
235
161
40
134
213
95
239
25
210
176
78
236
140
36
123
210
187
43
211
199
212
11
154
35
237
201
161
64
244
49
244
19
212
132
20
135
9
220
91
55
120
213
103
253
42
110
137
166
8
123
157
11
216
63
234
253
149
169
203
233
185
66
58
60
125
140
209
25
125
113
18
5
177
52
79
78
232
200
42
234
223
81
17
187
160
22
83
165
218
169
46
117
148
223
136
153
110
75
255
185
71
180
30
186
0
152
46
12
254
224
199
151
23
34
243
217
222
220
152
34
