224
127
246
110
80
7
103
126
188
54
206
147
20
202
186
171
187
47
16
220
197
31
31
151
53
13
153
182
197
198
141
132
47
208
126
86
155
176
27
228
1
203
219
133
127
233
107
251
205
63
166
252
178
176
205
200
120
68
241
59
150
221
178
208
109
238
38
133
21
71
124
89
226
9
149
241
221
200
238
75
78
75
44
107
91
23
201
188
120
80
218
36
232
181
14
132
88
223
220
234
152
185
63
253
84
100
117
145
223
163
197
90
135
71
107
201
88
216
195
224
190
252
82
126
113
148
131
213
209
158
144
148
231
106
17
69
97
250
38
79
250
174
64
2
97
241
222
46
198
70
157
211
138
142
233
97
100
243
41
97
166
116
170
231
130
100
128
164
232
103
164
165
218
28
68
206
12
252
247
94
58
190
228
214
105
158
60
105
123
133
167
19
107
52
224
38
38
134
60
169
243
72
80
202
145
65
232
69
1
19
152
183
59
102
108
24
253
181
172
220
255
223
182
45
39
116
116
45
235
142
9
175
145
238
141
122
237
198
201
165
95
25
222
246
84
214
26
124
103
128
184
250
8
73
165
211
138
85
242
52
138
252
142
59
153
4
212
105
207
107
65
129
155
16
176
186
107
134
80
41
185
94
187
222
77
167
93
50
236
180
243
123
177
222
97
202
230
219
148
234
6
254
167
250
172
132
91
28
23
130
207
33
170
104
197
233
125
46
197
181
251
155
108
50
213
77
42
59
28
168
138
138
26
115
105
11
44
198
38
28
58
246
157
17
230
5
82
125
231
191
233
199
151
81
220
111
150
74
105
236
195
202
190
6
200
28
29
163
143
111
56
150
255
49
252
24
54
133
159
83
202
120
110
169
145
4
111
37
134
107
122
49
239
192
0
158
76
175
156
84
124
100
215
186
12
166
232
20
90
0
99
13
145
35
157
99
102
247
141
136
140
227
230
177
204
1
234
29
99
207
254
153
140
155
178
146
126
177
156
250
141
123
186
143
61
72
58
57
18
107
146
169
48
100
131
100
10
210
128
72
249
184
106
175
124
0
163
80
68
7
27
0
224
170
24
34
69
91
96
185
144
226
91
250
92
197
11
211
30
24
82
178
13
175
98
29
193
52
192
208
108
54
136
235
209
185
151
52
44
176
137
8
25
248
4
137
27
134
188
35
123
176
230
56
196
166
130
30
81
179
49
26
243
168
207
113
235
228
15
68
196
138
103
37
103
49
23
164
81
165
12
159
27
69
224
225
194
16
162
122
61
56
154
67
58
219
146
123
16
236
213
75
231
76
34
218
181
51
234
50
98
89
120
59
105
0
15
113
187
240
247
172
179
3
94
84
82
136
114
103
173
181
232
35
9
23
55
103
220
242
7
83
85
137
69
109
196
174
228
235
106
135
114
49
188
229
99
170
93
141
125
48
66
184
115
10
169
224
187
129
105
166
94
54
104
67
138
240
15
167
120
243
119
81
76
183
68
69
57
197
78
131
198
68
96
241
89
188
237
202
71
138
163
42
9
10
225
58
109
251
81
220
26
24
155
206
73
182
187
110
33
26
179
229
96
34
77
119
8
84
34
73
77
252
19
96
221
229
136
220
98
111
119
38
84
91
221
33
106
77
46
150
97
150
231
158
150
219
82
155
73
238
239
184
145
153
240
33
47
17
126
115
50
118
234
138
176
218
238
64
186
20
144
216
83
242
144
150
235
80
139
21
86
59
61
193
129
6
105
242
196
192
128
91
1
140
63
54
47
239
11
100
46
245
2
145
191
35
232
145
196
222
183
34
169
245
145
147
133
6
93
27
67
36
82
159
230
153
70
27
216
198
82
100
189
24
80
19
241
15
56
255
72
31
33
112
60
231
29
116
130
164
199
1
156
247
113
3
122
234
45
187
181
133
64
171
75
165
162
143
204
84
1
18
102
216
218
209
121
169
140
97
192
47
137
201
55
242
231
73
60
119
94
29
214
59
16
164
195
109
48
227
0
72
177
202
10
114
109
247
154
102
153
55
76
93
111
167
191
94
130
154
128
25
97
238
243
188
163
176
207
10
8
113
211
52
40
174
170
168
169
31
58
36
170
207
234
70
121
80
188
132
214
248
192
122
174
151
105
222
81
37
19
77
21
200
82
242
29
70
119
69
212
147
57
51
173
215
126
68
55
2
187
102
54
127
160
208
241
85
200
208
178
22
146
200
239
140
122
108
107
107
110
54
125
239
14
126
18
127
220
111
50
213
237
10
231
59
43
240
251
200
153
176
57
37
167
174
145
63
34
23
26
63
101
3
116
176
74
233
175
11
178
206
147
112
132
235
74
191
215
69
125
155
72
167
95
1
86
249
36
16
63
73
104
194
109
56
108
223
104
42
200
47
185
29
144
246
148
75
155
220
65
222
250
167
165
16
7
213
127
197
166
157
101
220
77
220
36
220
10
43
107
141
188
65
116
141
119
227
206
19
217
15
36
41
69
114
81
154
106
135
249
79
196
135
1
210
149
254
77
173
60
164
241
158
181
133
201
156
94
129
115
67
5
63
127
216
223
27
92
147
12
85
212
55
203
194
154
145
229
121
62
70
228
168
167
50
118
250
250
95
133
106
74
177
100
245
166
114
181
227
38
217
38
163
218
162
110
137
226
25
5
224
28
241
237
98
161
245
126
110
106
86
244
198
125
206
29
30
74
87
233
22
191
63
242
9
66
49
206
218
134
83
107
243
212
154
235
251
250
148
93
60
223
154
231
52
4
196
127
141
2
242
197
190
241
245
252
0
179
137
132
144
220
36
48
28
25
134
171
223
182
17
2
233
186
29
27
59
217
101
111
210
233
117
173
209
148
245
28
167
173
179
237
253
138
166
149
101
179
186
80
128
35
14
234
239
50
7
17
152
135
225
184
126
57
13
61
154
11
13
163
166
178
39
222
14
18
28
187
69
186
165
164
57
177
216
53
60
61
71
25
186
44
119
246
241
102
140
238
249
233
232
126
86
84
29
246
30
161
235
137
229
109
165
100
213
29
113
24
240
73
48
73
201
237
210
7
65
159
167
131
123
208
143
14
100
251
93
218
121
224
179
181
81
195
45
244
121
163
128
31
104
67
79
2
2
174
245
105
120
132
127
180
52
49
132
162
104
7
152
220
171
22
211
245
199
113
48
76
110
146
118
147
103
197
213
116
162
173
170
105
239
187
192
172
60
96
49
134
52
103
103
249
27
26
113
133
54
56
37
149
226
209
136
245
212
236
39
138
246
49
141
74
226
178
104
176
109
2
86
211
26
179
235
161
42
239
9
44
152
115
205
42
124
228
120
166
150
233
72
86
183
79
111
57
147
129
250
104
148
55
217
77
217
139
184
142
215
114
200
163
226
174
206
46
33
124
201
122
123
154
51
51
251
22
94
146
234
71
104
210
21
120
101
194
142
139
146
133
136
16
89
94
127
44
247
158
131
76
94
159
164
166
223
254
137
70
97
249
105
181
11
126
139
193
11
107
173
227
221
48
196
188
172
191
241
230
57
243
34
6
207
223
10
215
92
3
152
89
112
45
197
179
34
99
58
225
136
168
91
246
156
94
40
234
42
129
132
131
107
181
160
203
139
81
201
180
184
111
247
255
128
99
62
12
232
161
48
34
140
56
209
144
238
136
161
251
25
122
188
202
159
71
44
178
93
57
37
54
10
107
228
25
87
164
75
100
6
116
140
146
96
146
56
174
212
28
160
78
248
39
173
133
169
41
30
124
223
137
66
152
255
87
53
114
247
252
231
73
169
210
186
205
157
22
52
196
72
138
102
106
149
32
254
158
189
18
102
95
134
66
92
69
93
31
165
166
163
185
218
135
201
25
29
197
128
202
81
172
233
199
219
200
153
68
4
182
200
56
233
56
61
3
115
148
82
2
92
105
182
38
131
151
89
212
125
128
70
56
188
156
23
177
177
5
47
15
193
61
164
229
231
176
85
144
80
7
250
136
70
88
109
167
107
249
16
223
83
221
64
83
103
249
73
23
134
147
66
6
78
174
111
212
180
247
176
87
23
4
111
28
63
94
215
12
222
241
187
145
2
132
8
88
83
236
59
131
72
165
180
192
100
232
6
165
124
206
103
133
209
134
33
205
59
20
153
85
240
68
114
152
155
208
207
120
132
244
65
62
68
233
247
3
108
60
141
192
207
218
64
192
50
127
106
206
249
235
151
98
126
100
78
190
161
158
117
88
236
58
226
1
27
26
73
248
174
15
205
233
118
148
196
10
218
117
212
155
98
65
242
141
249
135
206
157
173
144
149
151
69
68
189
132
122
45
104
199
12
131
142
243
111
91
218
132
234
86
69
179
189
38
149
153
198
202
60
136
173
196
175
187
6
175
65
164
41
249
52
46
254
73
221
64
91
99
64
69
60
138
172
64
211
109
213
15
118
118
65
110
204
118
187
67
58
93
22
193
173
128
220
177
26
241
90
36
63
237
203
229
156
177
51
110
4
19
90
184
105
31
195
243
12
215
150
218
74
173
75
244
69
220
56
196
22
17
136
153
150
116
70
96
165
109
201
136
49
8
138
242
209
125
183
32
145
46
129
168
241
52
66
17
170
47
96
115
7
71
213
96
30
3
153
150
74
186
183
