0 0 0 0 123 202
0 0 1 0 3273 32651
0 0 2 0 20791 -25302
0 0 3 0 20823 -25342
0 0 4 0 -20750 25357
0 0 5 0 -20708 25284
0 0 6 0 -20810 25320
0 0 7 0 -25281 -20841
0 0 8 0 -20790 25276
0 0 9 0 20828 -25310
0 0 10 0 -20769 25383
0 0 11 0 -20767 25370
0 0 12 0 -20865 25405
0 0 13 0 20805 -25447
0 0 14 0 -20812 25383
0 0 15 0 -20728 25389
0 0 16 0 20779 -25316
0 0 17 0 -25366 -20764
0 0 18 0 -25353 -20773
0 0 19 0 20777 -25258
0 0 20 0 -25338 -20770
0 0 21 0 -20761 25355
0 0 22 0 -20799 25294
0 0 23 0 -25327 -20772
0 0 24 0 20713 -25403
0 0 25 0 -25292 -20806
0 0 26 0 25233 20782
0 0 27 0 -25332 -20748
0 0 28 0 25281 20751
0 0 29 0 -25287 -20750
0 0 30 0 -20829 25399
0 0 31 0 25323 20881
0 0 32 0 -25292 -20794
0 0 33 0 3254 32654
0 0 34 0 25352 20805
0 0 35 0 -20881 25382
0 0 36 0 -20790 25336
0 0 37 0 -20782 25369
0 0 38 0 -20833 25292
0 0 39 0 -20756 25278
0 0 40 0 25310 20818
0 0 41 0 20734 -25319
0 0 42 0 -25319 -20744
0 0 43 0 -25332 -20814
0 0 44 0 25320 20788
0 0 45 0 -20761 25325
0 0 46 0 -20801 25322
0 0 47 0 25334 20822
0 0 48 0 25320 20806
0 0 49 0 20846 -25307
0 0 50 0 25340 20810
0 0 51 0 20845 -25306
0 0 52 0 25339 20774
0 0 53 0 -20807 25296
0 0 54 0 -25267 -20765
0 0 55 0 20755 -25389
0 0 56 0 25263 20796
0 0 57 0 25337 20797
0 0 58 0 25293 20770
0 0 59 0 20810 -25283
0 0 60 0 -25284 -20795
0 0 61 0 -25295 -20746
0 0 62 0 -20797 25300
0 0 63 0 25271 20820
0 0 64 0 25342 20803
0 0 65 0 3227 32587
0 0 66 0 25262 20807
0 0 67 0 20826 -25362
0 0 68 0 20788 -25327
0 0 69 0 20779 -25291
0 0 70 0 -25334 -20755
0 0 71 0 -20816 25337
0 0 72 0 25335 20804
0 0 73 0 -25319 -20742
0 0 74 0 -25325 -20770
0 0 75 0 -25355 -20833
0 0 76 0 -20823 25272
0 0 77 0 -25381 -20809
0 0 78 0 20801 -25295
0 0 79 0 20823 -25303
0 0 80 0 20787 -25280
0 0 81 0 25323 20788
0 0 82 0 -20859 25285
0 0 83 0 -20789 25369
0 0 84 0 20791 -25319
0 0 85 0 -25350 -20819
0 0 86 0 -20786 25307
0 0 87 0 20823 -25338
0 0 88 0 -25338 -20753
0 0 89 0 20760 -25310
0 0 90 0 -20810 25298
0 0 91 0 -25328 -20783
0 0 92 0 -20825 25298
0 0 93 0 -20762 25340
0 0 94 0 -20831 25308
0 0 95 0 20741 -25360
0 0 96 0 -20773 25360
0 0 97 0 3196 32566
0 0 98 0 20755 -25361
0 0 99 0 -25322 -20790
0 0 100 0 -25316 -20805
0 0 101 0 25299 20777
0 0 102 0 -20732 25257
0 0 103 0 -25348 -20825
0 0 104 0 20783 -25284
0 0 105 0 -20852 25344
0 0 106 0 -20824 25275
0 0 107 0 -25343 -20800
0 0 108 0 -25357 -20784
0 0 109 0 20741 -25339
0 0 110 0 -25318 -20744
0 0 111 0 -20763 25330
0 0 112 0 20784 -25289
0 0 113 0 11 19
0 0 114 0 -43 9
0 0 115 0 -3 -14
0 0 116 0 -13 18
0 0 117 0 5 5
0 0 118 0 20 6
0 0 119 0 -20 -7
0 0 120 0 -63 -50
0 0 121 0 -42 -35
0 0 122 0 -9 -39
0 0 123 0 47 -14
0 0 124 0 -35 -63
0 0 125 0 -10 16
0 0 126 0 18 16
0 0 127 0 46 -16
0 0 128 0 -30 53
0 0 129 0 12 -38
0 0 130 0 43 -28
0 0 131 0 7 -3
0 0 132 0 -19 19
0 0 133 0 27 -35
0 0 134 0 4 26
0 0 135 0 25 0
0 0 136 0 47 74
0 0 137 0 53 13
0 0 138 0 -29 11
0 0 139 0 -43 -3
0 0 140 0 20 -25
0 0 141 0 -22 11
0 0 142 0 20 22
0 0 143 0 -15 -10
0 0 144 0 -25316 -20769
0 0 145 0 25344 20758
0 0 146 0 -20820 25316
0 0 147 0 25344 20798
0 0 148 0 20802 -25324
0 0 149 0 -25315 -20785
0 0 150 0 25365 20802
0 0 151 0 20787 -25325
0 0 152 0 -20807 25366
0 0 153 0 20852 -25346
0 0 154 0 -20747 25262
0 0 155 0 -20729 25349
0 0 156 0 -25309 -20782
0 0 157 0 -25308 -20781
0 0 158 0 -20790 25322
0 0 159 0 3223 32625
0 0 160 0 25312 20770
0 0 161 0 25344 20832
0 0 162 0 20773 -25317
0 0 163 0 -20805 25353
0 0 164 0 20793 -25279
0 0 165 0 -25315 -20778
0 0 166 0 -20778 25327
0 0 167 0 -20732 25371
0 0 168 0 -20868 25350
0 0 169 0 20834 -25354
0 0 170 0 25333 20783
0 0 171 0 25350 20818
0 0 172 0 20781 -25324
0 0 173 0 -25321 -20814
0 0 174 0 25345 20797
0 0 175 0 -25344 -20806
0 0 176 0 25333 20783
0 0 177 0 -25344 -20773
0 0 178 0 -25269 -20808
0 0 179 0 20804 -25284
0 0 180 0 25395 20830
0 0 181 0 25320 20825
0 0 182 0 -20796 25335
0 0 183 0 20759 -25348
0 0 184 0 -20805 25331
0 0 185 0 -25322 -20749
0 0 186 0 -20739 25312
0 0 187 0 25315 20778
0 0 188 0 -25312 -20747
0 0 189 0 20814 -25353
0 0 190 0 25317 20831
0 0 191 0 3211 32609
0 0 192 0 25302 20773
0 0 193 0 20793 -25336
0 0 194 0 -20748 25342
0 0 195 0 -20842 25243
0 0 196 0 -25358 -20804
0 0 197 0 -20830 25304
0 0 198 0 -20781 25330
0 0 199 0 25352 20800
0 0 200 0 20734 -25249
0 0 201 0 20786 -25265
0 0 202 0 20731 -25328
0 0 203 0 25323 20772
0 0 204 0 -20769 25319
0 0 205 0 -25376 -20792
0 0 206 0 -25385 -20774
0 0 207 0 -20788 25287
0 0 208 0 25321 20818
0 0 209 0 -25301 -20821
0 0 210 0 25361 20800
0 0 211 0 -25316 -20745
0 0 212 0 -25357 -20787
0 0 213 0 20851 -25252
0 0 214 0 -25321 -20751
0 0 215 0 -20818 25337
0 0 216 0 -25329 -20790
0 0 217 0 -20775 25336
0 0 218 0 20788 -25307
0 0 219 0 -25348 -20800
0 0 220 0 -20764 25326
0 0 221 0 -20837 25389
0 0 222 0 25295 20793
0 0 223 0 3160 32572
0 0 224 0 20817 -25400
0 0 225 0 -20852 25308
0 0 226 0 25211 20812
0 0 227 0 20760 -25334
0 0 228 0 20812 -25330
0 0 229 0 25330 20804
0 0 230 0 25355 20880
0 0 231 0 -25291 -20844
0 0 232 0 -20744 25369
0 0 233 0 20770 -25315
0 0 234 0 -25313 -20744
0 0 235 0 25317 20774
0 0 236 0 25323 20808
0 0 237 0 -25362 -20801
0 0 238 0 25299 20770
0 0 239 0 20721 -25282
0 0 240 0 -20754 25279
0 0 241 0 -25440 -20853
0 0 242 0 -25392 -20777
0 0 243 0 -20743 25315
0 0 244 0 -20865 25332
0 0 245 0 20748 -25346
0 0 246 0 -25361 -20784
0 0 247 0 -20791 25306
0 0 248 0 -20769 25335
0 0 249 0 25364 20766
0 0 250 0 -20790 25345
0 0 251 0 20800 -25374
0 0 252 0 -25332 -20818
0 0 253 0 25338 20775
0 0 254 0 -20812 25365
0 0 255 0 3146 32504
0 1 0 1 18 -213
0 1 1 1 3196 32567
0 1 2 1 -3121 -32598
0 1 3 1 -3239 -32661
0 1 4 1 3188 32572
0 1 5 1 3202 32626
0 1 6 1 3263 32622
0 1 7 1 -3181 -32609
0 1 8 1 -3193 -32620
0 1 9 1 -3228 -32625
0 1 10 1 -3205 -32641
0 1 11 1 -3212 -32617
0 1 12 1 3176 32568
0 1 13 1 -3158 -32681
0 1 14 1 -3311 -32672
0 1 15 1 3180 32525
0 1 16 1 -3133 -32581
0 1 17 1 -3266 -32546
0 1 18 1 3288 32617
0 1 19 1 -3215 -32541
0 1 20 1 3190 32669
0 1 21 1 3201 32606
0 1 22 1 3235 32556
0 1 23 1 3178 32555
0 1 24 1 -3228 -32713
0 1 25 1 3226 32537
0 1 26 1 -3244 -32599
0 1 27 1 -3235 -32695
0 1 28 1 3177 32536
0 1 29 1 -3194 -32510
0 1 30 1 -3184 -32565
0 1 31 1 -3247 -32581
0 1 32 1 -3159 -32561
0 1 33 1 3204 32572
0 1 34 1 -3194 -32658
0 1 35 1 -3207 -32593
0 1 36 1 3205 32582
0 1 37 1 3229 32589
0 1 38 1 3211 32589
0 1 39 1 -3231 -32582
0 1 40 1 3214 32597
0 1 41 1 -3214 -32544
0 1 42 1 3193 32602
0 1 43 1 -3149 -32690
0 1 44 1 -3180 -32618
0 1 45 1 -3252 -32608
0 1 46 1 -3219 -32626
0 1 47 1 3186 32624
0 1 48 1 3211 32627
0 1 49 1 3170 32628
0 1 50 1 3246 32616
0 1 51 1 3197 32563
0 1 52 1 3207 32558
0 1 53 1 -3240 -32597
0 1 54 1 3233 32673
0 1 55 1 3220 32574
0 1 56 1 -3157 -32601
0 1 57 1 3210 32617
0 1 58 1 -3212 -32656
0 1 59 1 -3199 -32582
0 1 60 1 3195 32587
0 1 61 1 3290 32575
0 1 62 1 3150 32630
0 1 63 1 3244 32631
0 1 64 1 -3196 -32654
0 1 65 1 3180 32574
0 1 66 1 -3179 -32541
0 1 67 1 -3217 -32623
0 1 68 1 3198 32614
0 1 69 1 -3242 -32639
0 1 70 1 -3195 -32579
0 1 71 1 -3211 -32635
0 1 72 1 -3201 -32655
0 1 73 1 3173 32641
0 1 74 1 3207 32654
0 1 75 1 3254 32607
0 1 76 1 3217 32620
0 1 77 1 3235 32599
0 1 78 1 -3221 -32660
0 1 79 1 3192 32660
0 1 80 1 3191 32614
0 1 81 1 -3162 -32648
0 1 82 1 3205 32611
0 1 83 1 3213 32621
0 1 84 1 -3199 -32623
0 1 85 1 3199 32581
0 1 86 1 -3220 -32568
0 1 87 1 -3150 -32637
0 1 88 1 -3159 -32582
0 1 89 1 -3236 -32608
0 1 90 1 -3245 -32578
0 1 91 1 3167 32594
0 1 92 1 3194 32648
0 1 93 1 -3225 -32632
0 1 94 1 -3112 -32578
0 1 95 1 -3217 -32585
0 1 96 1 3183 32610
0 1 97 1 3211 32653
0 1 98 1 3206 32597
0 1 99 1 -3210 -32657
0 1 100 1 3190 32611
0 1 101 1 3182 32613
0 1 102 1 3170 32553
0 1 103 1 3199 32598
0 1 104 1 -3227 -32580
0 1 105 1 3259 32600
0 1 106 1 -3199 -32594
0 1 107 1 -3209 -32633
0 1 108 1 -3213 -32577
0 1 109 1 -3182 -32610
0 1 110 1 -3225 -32585
0 1 111 1 -3185 -32591
0 1 112 1 -3217 -32627
0 1 113 1 10 17
0 1 114 1 37 -16
0 1 115 1 8 -7
0 1 116 1 3 19
0 1 117 1 47 12
0 1 118 1 29 -32
0 1 119 1 -15 -22
0 1 120 1 -47 -41
0 1 121 1 11 0
0 1 122 1 52 32
0 1 123 1 17 -6
0 1 124 1 -50 -21
0 1 125 1 74 -4
0 1 126 1 -13 8
0 1 127 1 -26 10
0 1 128 1 -20 46
0 1 129 1 24 21
0 1 130 1 -8 -16
0 1 131 1 0 4
0 1 132 1 10 57
0 1 133 1 49 -2
0 1 134 1 -15 -31
0 1 135 1 -31 -9
0 1 136 1 57 94
0 1 137 1 -8 44
0 1 138 1 -30 -15
0 1 139 1 -51 -20
0 1 140 1 -19 -38
0 1 141 1 7 -14
0 1 142 1 -4 -25
0 1 143 1 -19 -25
0 1 144 1 3222 32566
0 1 145 1 3174 32576
0 1 146 1 -3227 -32594
0 1 147 1 3239 32581
0 1 148 1 3192 32634
0 1 149 1 -3185 -32605
0 1 150 1 3223 32617
0 1 151 1 -3194 -32665
0 1 152 1 3153 32638
0 1 153 1 -3197 -32603
0 1 154 1 3305 32596
0 1 155 1 -3186 -32571
0 1 156 1 -3196 -32598
0 1 157 1 -3211 -32608
0 1 158 1 3181 32621
0 1 159 1 3193 32579
0 1 160 1 -3198 -32576
0 1 161 1 -3164 -32589
0 1 162 1 3251 32554
0 1 163 1 -3193 -32597
0 1 164 1 -3194 -32589
0 1 165 1 3229 32638
0 1 166 1 3191 32646
0 1 167 1 -3227 -32579
0 1 168 1 -3203 -32613
0 1 169 1 -3179 -32636
0 1 170 1 -3224 -32565
0 1 171 1 -3204 -32583
0 1 172 1 3191 32629
0 1 173 1 3208 32616
0 1 174 1 3212 32591
0 1 175 1 -3216 -32650
0 1 176 1 -3234 -32625
0 1 177 1 -3242 -32587
0 1 178 1 -3183 -32586
0 1 179 1 -3227 -32639
0 1 180 1 3175 32608
0 1 181 1 3204 32602
0 1 182 1 -3182 -32606
0 1 183 1 -3194 -32595
0 1 184 1 -3174 -32636
0 1 185 1 -3203 -32587
0 1 186 1 -3245 -32672
0 1 187 1 -3147 -32591
0 1 188 1 3145 32596
0 1 189 1 -3178 -32623
0 1 190 1 3194 32609
0 1 191 1 3164 32602
0 1 192 1 -3152 -32604
0 1 193 1 3200 32567
0 1 194 1 3225 32655
0 1 195 1 -3133 -32687
0 1 196 1 -3151 -32611
0 1 197 1 -3245 -32545
0 1 198 1 3276 32605
0 1 199 1 3220 32606
0 1 200 1 -3188 -32638
0 1 201 1 3275 32578
0 1 202 1 -3242 -32618
0 1 203 1 3220 32632
0 1 204 1 -3163 -32650
0 1 205 1 -3178 -32613
0 1 206 1 -3227 -32642
0 1 207 1 -3165 -32565
0 1 208 1 3159 32632
0 1 209 1 3219 32567
0 1 210 1 3191 32623
0 1 211 1 -3179 -32609
0 1 212 1 -3213 -32567
0 1 213 1 -3194 -32627
0 1 214 1 3242 32626
0 1 215 1 3145 32662
0 1 216 1 3181 32558
0 1 217 1 3194 32621
0 1 218 1 -3217 -32577
0 1 219 1 3195 32587
0 1 220 1 3264 32600
0 1 221 1 3255 32602
0 1 222 1 -3124 -32640
0 1 223 1 3231 32621
0 1 224 1 -3209 -32656
0 1 225 1 -3229 -32552
0 1 226 1 -3296 -32630
0 1 227 1 3151 32645
0 1 228 1 3282 32591
0 1 229 1 3255 32581
0 1 230 1 -3201 -32541
0 1 231 1 -3192 -32650
0 1 232 1 -3153 -32583
0 1 233 1 3271 32608
0 1 234 1 -3138 -32621
0 1 235 1 -3197 -32592
0 1 236 1 3209 32616
0 1 237 1 3160 32582
0 1 238 1 -3197 -32611
0 1 239 1 -3261 -32547
0 1 240 1 3183 32561
0 1 241 1 -3114 -32564
0 1 242 1 3254 32716
0 1 243 1 -3163 -32604
0 1 244 1 3178 32630
0 1 245 1 -3163 -32613
0 1 246 1 3235 32607
0 1 247 1 -3159 -32609
0 1 248 1 -3256 -32581
0 1 249 1 3177 32592
0 1 250 1 3144 32599
0 1 251 1 3149 32620
0 1 252 1 -3212 -32579
0 1 253 1 -3150 -32569
0 1 254 1 3132 32623
0 1 255 1 3149 32753
0 2 0 2 -254 83
0 2 1 2 3128 32584
0 2 2 2 6512 14611
0 2 3 2 8434 34689
0 2 4 2 -31772 38673
0 2 5 2 -26640 -12660
0 2 6 2 34776 -8546
0 2 7 2 -7454 -24647
0 2 8 2 1529 -35765
0 2 9 2 -11625 36717
0 2 10 2 34731 -8482
0 2 11 2 33736 -18592
0 2 12 2 -27596 -22643
0 2 13 2 28616 32730
0 2 14 2 -31642 38593
0 2 15 2 3536 -15575
0 2 16 2 5467 4480
0 2 17 2 28617 32780
0 2 18 2 -18600 -33726
0 2 19 2 7512 24680
0 2 20 2 -6515 -14635
0 2 21 2 -17554 -23647
0 2 22 2 -24697 7505
0 2 23 2 -1588 35714
0 2 24 2 36648 11577
0 2 25 2 17560 23660
0 2 26 2 25766 2431
0 2 27 2 -11677 36681
0 2 28 2 23661 -17632
0 2 29 2 24638 -7500
0 2 30 2 -5515 -4524
0 2 31 2 35621 1541
0 2 32 2 -35729 -1599
0 2 33 2 3190 32621
0 2 34 2 -11639 36711
0 2 35 2 12649 -26609
0 2 36 2 28596 32741
0 2 37 2 28672 32699
0 2 38 2 -26638 -12651
0 2 39 2 -36675 -11605
0 2 40 2 -34827 8511
0 2 41 2 2585 -25605
0 2 42 2 -34749 8514
0 2 43 2 -16570 -13616
0 2 44 2 4575 -5526
0 2 45 2 -14601 6494
0 2 46 2 -32780 28591
0 2 47 2 -38722 -31774
0 2 48 2 25628 2552
0 2 49 2 -2542 25662
0 2 50 2 -11623 36694
0 2 51 2 34705 -8463
0 2 52 2 8457 34723
0 2 53 2 8430 34702
0 2 54 2 -3612 15559
0 2 55 2 -1555 35795
0 2 56 2 -17578 -23613
0 2 57 2 5535 4534
0 2 58 2 15659 3577
0 2 59 2 -14625 6518
0 2 60 2 -6480 -14585
0 2 61 2 23702 -17633
0 2 62 2 26649 12630
0 2 63 2 35692 1598
0 2 64 2 -6500 -14611
0 2 65 2 3284 32579
0 2 66 2 2590 -25642
0 2 67 2 25674 2582
0 2 68 2 -5554 -4517
0 2 69 2 18603 33708
0 2 70 2 -21656 37717
0 2 71 2 35703 1564
0 2 72 2 27654 22720
0 2 73 2 34686 -8520
0 2 74 2 -35700 -1587
0 2 75 2 -7479 -24620
0 2 76 2 33716 -18556
0 2 77 2 37706 21693
0 2 78 2 -28604 -32747
0 2 79 2 27636 22686
0 2 80 2 24648 -7536
0 2 81 2 33759 -18600
0 2 82 2 28599 32748
0 2 83 2 21710 -37775
0 2 84 2 -3572 15546
0 2 85 2 -33736 18543
0 2 86 2 6537 14627
0 2 87 2 32770 -28615
0 2 88 2 -11670 36686
0 2 89 2 -13646 16595
0 2 90 2 17538 23673
0 2 91 2 -12625 26626
0 2 92 2 -22676 27615
0 2 93 2 37718 21700
0 2 94 2 -3524 15601
0 2 95 2 2608 -25638
0 2 96 2 33705 -18567
0 2 97 2 3203 32629
0 2 98 2 32732 -28580
0 2 99 2 -36706 -11643
0 2 100 2 17527 23675
0 2 101 2 1563 -35694
0 2 102 2 -37770 -21668
0 2 103 2 -36701 -11635
0 2 104 2 32773 -28616
0 2 105 2 -8487 -34715
0 2 106 2 14600 -6501
0 2 107 2 -7475 -24665
0 2 108 2 -13598 16577
0 2 109 2 -11664 36703
0 2 110 2 28641 32768
0 2 111 2 8469 34739
0 2 112 2 -27662 -22726
0 2 113 2 30 6
0 2 114 2 -24 -10
0 2 115 2 29 5
0 2 116 2 32 36
0 2 117 2 1 41
0 2 118 2 29 -3
0 2 119 2 25 -3
0 2 120 2 -1 -30
0 2 121 2 13 21
0 2 122 2 29 -53
0 2 123 2 -22 5
0 2 124 2 -68 15
0 2 125 2 4 3
0 2 126 2 22 -6
0 2 127 2 2 -4
0 2 128 2 -23 -6
0 2 129 2 13 9
0 2 130 2 15 -19
0 2 131 2 -48 -15
0 2 132 2 23 52
0 2 133 2 -28 -12
0 2 134 2 45 -31
0 2 135 2 -17 -22
0 2 136 2 70 9
0 2 137 2 4 -28
0 2 138 2 23 -6
0 2 139 2 5 -37
0 2 140 2 -55 -34
0 2 141 2 -2 -16
0 2 142 2 22 23
0 2 143 2 10 -38
0 2 144 2 -34735 8554
0 2 145 2 -24705 7518
0 2 146 2 4558 -5558
0 2 147 2 5508 4572
0 2 148 2 24663 -7490
0 2 149 2 -33755 18585
0 2 150 2 15589 3502
0 2 151 2 16593 13613
0 2 152 2 -11635 36639
0 2 153 2 21671 -37701
0 2 154 2 21649 -37663
0 2 155 2 23665 -17568
0 2 156 2 -38676 -31771
0 2 157 2 -18537 -33762
0 2 158 2 21712 -37665
0 2 159 2 3207 32632
0 2 160 2 -1578 35721
0 2 161 2 -12642 26640
0 2 162 2 -1561 35685
0 2 163 2 -3561 15553
0 2 164 2 5526 4507
0 2 165 2 37702 21666
0 2 166 2 -7509 -24657
0 2 167 2 -33766 18587
0 2 168 2 -27608 -22672
0 2 169 2 -16592 -13633
0 2 170 2 26661 12610
0 2 171 2 1573 -35702
0 2 172 2 -27579 -22707
0 2 173 2 -11599 36686
0 2 174 2 -38689 -31751
0 2 175 2 -8462 -34708
0 2 176 2 -34734 8502
0 2 177 2 -4550 5499
0 2 178 2 36693 11604
0 2 179 2 -4493 5504
0 2 180 2 37679 21711
0 2 181 2 -22675 27585
0 2 182 2 36729 11617
0 2 183 2 -16592 -13602
0 2 184 2 -24658 7482
0 2 185 2 21690 -37703
0 2 186 2 -14594 6492
0 2 187 2 -37680 -21710
0 2 188 2 -11660 36661
0 2 189 2 24653 -7541
0 2 190 2 -22681 27646
0 2 191 2 3212 32556
0 2 192 2 34714 -8505
0 2 193 2 11620 -36644
0 2 194 2 -34735 8435
0 2 195 2 -14471 6486
0 2 196 2 -34724 8454
0 2 197 2 -2558 25704
0 2 198 2 -21673 37620
0 2 199 2 -37679 -21725
0 2 200 2 -16559 -13627
0 2 201 2 33690 -18616
0 2 202 2 23705 -17536
0 2 203 2 -13581 16603
0 2 204 2 -6509 -14584
0 2 205 2 7499 24680
0 2 206 2 -36719 -11656
0 2 207 2 -6482 -14598
0 2 208 2 -3527 15562
0 2 209 2 1588 -35744
0 2 210 2 -26629 -12635
0 2 211 2 -28598 -32745
0 2 212 2 -36677 -11658
0 2 213 2 38702 31746
0 2 214 2 23693 -17550
0 2 215 2 -37736 -21681
0 2 216 2 16567 13634
0 2 217 2 35698 1559
0 2 218 2 36716 11648
0 2 219 2 -38633 -31817
0 2 220 2 -4524 5532
0 2 221 2 36657 11562
0 2 222 2 -37712 -21664
0 2 223 2 3153 32618
0 2 224 2 -23613 17573
0 2 225 2 -11612 36745
0 2 226 2 -23654 17570
0 2 227 2 31728 -38710
0 2 228 2 -8439 -34710
0 2 229 2 -22690 27678
0 2 230 2 -11556 36587
0 2 231 2 -22674 27602
0 2 232 2 28662 32809
0 2 233 2 -7506 -24666
0 2 234 2 -22667 27631
0 2 235 2 -15614 -3571
0 2 236 2 28662 32729
0 2 237 2 33718 -18533
0 2 238 2 28593 32728
0 2 239 2 -37722 -21716
0 2 240 2 -8491 -34709
0 2 241 2 -3542 15634
0 2 242 2 -12484 26536
0 2 243 2 25689 2541
0 2 244 2 35676 1498
0 2 245 2 -22654 27634
0 2 246 2 -32767 28540
0 2 247 2 21710 -37714
0 2 248 2 36776 11661
0 2 249 2 24650 -7510
0 2 250 2 7592 24599
0 2 251 2 -33647 18536
0 2 252 2 -38628 -31825
0 2 253 2 -32709 28619
0 2 254 2 6580 14528
0 2 255 2 3373 32549
0 3 0 2 138 161
0 3 1 2 3229 32621
0 3 2 2 8479 34683
0 3 3 2 -26645 -12577
0 3 4 2 33734 -18535
0 3 5 2 12671 -26578
0 3 6 2 16574 13647
0 3 7 2 3630 -15565
0 3 8 2 -4474 5557
0 3 9 2 -26625 -12644
0 3 10 2 24706 -7484
0 3 11 2 -37692 -21738
0 3 12 2 -8502 -34695
0 3 13 2 22724 -27705
0 3 14 2 21745 -37611
0 3 15 2 -6523 -14604
0 3 16 2 -36731 -11673
0 3 17 2 -23578 17625
0 3 18 2 -27596 -22660
0 3 19 2 15628 3600
0 3 20 2 -22772 27675
0 3 21 2 -21739 37690
0 3 22 2 -8504 -34764
0 3 23 2 5534 4508
0 3 24 2 33702 -18512
0 3 25 2 1582 -35652
0 3 26 2 -13681 16649
0 3 27 2 11636 -36731
0 3 28 2 -18560 -33792
0 3 29 2 -1547 35776
0 3 30 2 -26693 -12686
0 3 31 2 36681 11642
0 3 32 2 37694 21699
0 3 33 2 3197 32591
0 3 34 2 -25654 -2557
0 3 35 2 -13671 16619
0 3 36 2 11631 -36765
0 3 37 2 15591 3569
0 3 38 2 -5514 -4562
0 3 39 2 25637 2529
0 3 40 2 -32781 28665
0 3 41 2 -4537 5556
0 3 42 2 28648 32718
0 3 43 2 14669 -6483
0 3 44 2 11623 -36645
0 3 45 2 -23668 17557
0 3 46 2 22685 -27559
0 3 47 2 -24651 7522
0 3 48 2 -22703 27641
0 3 49 2 -15559 -3544
0 3 50 2 8526 34766
0 3 51 2 5493 4550
0 3 52 2 37675 21722
0 3 53 2 -27611 -22685
0 3 54 2 8537 34688
0 3 55 2 -14604 6586
0 3 56 2 33698 -18524
0 3 57 2 11632 -36700
0 3 58 2 -18571 -33707
0 3 59 2 17558 23695
0 3 60 2 4493 -5556
0 3 61 2 18481 33644
0 3 62 2 25700 2611
0 3 63 2 3540 -15590
0 3 64 2 -15586 -3557
0 3 65 2 3182 32582
0 3 66 2 32755 -28610
0 3 67 2 -33742 18547
0 3 68 2 12682 -26661
0 3 69 2 -13621 16573
0 3 70 2 -36688 -11648
0 3 71 2 16553 13593
0 3 72 2 -15622 -3580
0 3 73 2 -7492 -24665
0 3 74 2 37710 21727
0 3 75 2 -26652 -12613
0 3 76 2 -27602 -22718
0 3 77 2 23693 -17557
0 3 78 2 23718 -17530
0 3 79 2 -6483 -14610
0 3 80 2 32748 -28599
0 3 81 2 -22718 27638
0 3 82 2 -16591 -13586
0 3 83 2 34744 -8487
0 3 84 2 37656 21697
0 3 85 2 1556 -35699
0 3 86 2 -28591 -32801
0 3 87 2 33757 -18591
0 3 88 2 37675 21725
0 3 89 2 32694 -28596
0 3 90 2 -21692 37719
0 3 91 2 23641 -17559
0 3 92 2 -34773 8498
0 3 93 2 -8484 -34714
0 3 94 2 -14616 6518
0 3 95 2 -36757 -11666
0 3 96 2 25663 2570
0 3 97 2 3221 32598
0 3 98 2 -27604 -22714
0 3 99 2 -22704 27619
0 3 100 2 -31741 38675
0 3 101 2 15596 3571
0 3 102 2 -32684 28651
0 3 103 2 7488 24649
0 3 104 2 -7528 -24635
0 3 105 2 38610 31780
0 3 106 2 -32760 28662
0 3 107 2 2554 -25628
0 3 108 2 23690 -17565
0 3 109 2 -23676 17517
0 3 110 2 -37764 -21670
0 3 111 2 25631 2563
0 3 112 2 34770 -8507
0 3 113 2 -30 -24
0 3 114 2 9 20
0 3 115 2 -20 -11
0 3 116 2 15 35
0 3 117 2 -4 -35
0 3 118 2 20 5
0 3 119 2 -39 -7
0 3 120 2 -47 -26
0 3 121 2 -34 -46
0 3 122 2 -43 -10
0 3 123 2 33 -19
0 3 124 2 -50 24
0 3 125 2 -9 -24
0 3 126 2 -7 17
0 3 127 2 -24 0
0 3 128 2 -14 4
0 3 129 2 44 -5
0 3 130 2 -38 16
0 3 131 2 -18 -18
0 3 132 2 27 56
0 3 133 2 -34 -61
0 3 134 2 12 48
0 3 135 2 29 50
0 3 136 2 0 88
0 3 137 2 -9 4
0 3 138 2 -30 13
0 3 139 2 33 1
0 3 140 2 -12 -53
0 3 141 2 -4 76
0 3 142 2 5 42
0 3 143 2 22 -12
0 3 144 2 26652 12552
0 3 145 2 28644 32734
0 3 146 2 -3522 15639
0 3 147 2 -5518 -4562
0 3 148 2 -14607 6511
0 3 149 2 -4539 5552
0 3 150 2 -8500 -34727
0 3 151 2 17545 23721
0 3 152 2 35670 1580
0 3 153 2 -1568 35720
0 3 154 2 31731 -38764
0 3 155 2 -32768 28650
0 3 156 2 38673 31744
0 3 157 2 18509 33768
0 3 158 2 -2539 25642
0 3 159 2 3192 32594
0 3 160 2 -36658 -11649
0 3 161 2 -18563 -33717
0 3 162 2 13595 -16546
0 3 163 2 27596 22664
0 3 164 2 6512 14597
0 3 165 2 3537 -15523
0 3 166 2 -35723 -1579
0 3 167 2 13578 -16549
0 3 168 2 -38665 -31758
0 3 169 2 -32716 28641
0 3 170 2 -14581 6475
0 3 171 2 -15586 -3577
0 3 172 2 27648 22727
0 3 173 2 -26618 -12621
0 3 174 2 8491 34747
0 3 175 2 14627 -6466
0 3 176 2 -38694 -31760
0 3 177 2 -1607 35727
0 3 178 2 3516 -15652
0 3 179 2 -2590 25658
0 3 180 2 31727 -38637
0 3 181 2 -21744 37706
0 3 182 2 -11633 36673
0 3 183 2 -26615 -12645
0 3 184 2 38676 31755
0 3 185 2 21721 -37712
0 3 186 2 -21677 37665
0 3 187 2 5526 4540
0 3 188 2 1610 -35771
0 3 189 2 -7523 -24686
0 3 190 2 11664 -36739
0 3 191 2 3173 32606
0 3 192 2 37682 21679
0 3 193 2 -25638 -2523
0 3 194 2 -28632 -32802
0 3 195 2 33811 -18517
0 3 196 2 17628 23683
0 3 197 2 33733 -18493
0 3 198 2 6454 14639
0 3 199 2 -17585 -23662
0 3 200 2 12593 -26585
0 3 201 2 36667 11640
0 3 202 2 -38623 -31786
0 3 203 2 -37671 -21691
0 3 204 2 23674 -17538
0 3 205 2 -17550 -23682
0 3 206 2 24656 -7540
0 3 207 2 11640 -36683
0 3 208 2 8470 34711
0 3 209 2 -24701 7512
0 3 210 2 22676 -27600
0 3 211 2 12616 -26624
0 3 212 2 -23694 17577
0 3 213 2 6511 14575
0 3 214 2 7453 24677
0 3 215 2 13534 -16548
0 3 216 2 -13625 16587
0 3 217 2 16626 13662
0 3 218 2 -34671 8471
0 3 219 2 22667 -27655
0 3 220 2 34763 -8467
0 3 221 2 -38692 -31760
0 3 222 2 8465 34737
0 3 223 2 3194 32595
0 3 224 2 -16655 -13644
0 3 225 2 -18548 -33699
0 3 226 2 4542 -5473
0 3 227 2 38621 31742
0 3 228 2 33802 -18546
0 3 229 2 6530 14597
0 3 230 2 36562 11680
0 3 231 2 -36691 -11633
0 3 232 2 -36721 -11647
0 3 233 2 33810 -18567
0 3 234 2 34771 -8448
0 3 235 2 -17574 -23664
0 3 236 2 26655 12637
0 3 237 2 37658 21644
0 3 238 2 26591 12646
0 3 239 2 17500 23599
0 3 240 2 -6569 -14606
0 3 241 2 38636 31765
0 3 242 2 25578 2503
0 3 243 2 7588 24696
0 3 244 2 8488 34767
0 3 245 2 26655 12653
0 3 246 2 15550 3532
0 3 247 2 -7519 -24663
0 3 248 2 8457 34686
0 3 249 2 15589 3484
0 3 250 2 -11627 36723
0 3 251 2 -13697 16495
0 3 252 2 -16626 -13660
0 3 253 2 -1592 35657
0 3 254 2 15610 3542
0 3 255 2 3089 32520
0 4 0 2 43 -262
0 4 1 2 3183 32584
0 4 2 2 -23661 17547
0 4 3 2 15630 3518
0 4 4 2 -15544 -3554
0 4 5 2 -38751 -31805
0 4 6 2 -28624 -32719
0 4 7 2 -6521 -14567
0 4 8 2 -33758 18506
0 4 9 2 -31730 38714
0 4 10 2 36719 11641
0 4 11 2 11686 -36701
0 4 12 2 23693 -17563
0 4 13 2 33794 -18619
0 4 14 2 -16652 -13571
0 4 15 2 -16544 -13617
0 4 16 2 -37702 -21735
0 4 17 2 22753 -27648
0 4 18 2 38653 31744
0 4 19 2 -33717 18496
0 4 20 2 -16605 -13637
0 4 21 2 -12654 26615
0 4 22 2 -7423 -24664
0 4 23 2 13600 -16569
0 4 24 2 -24642 7509
0 4 25 2 -5497 -4588
0 4 26 2 -27683 -22722
0 4 27 2 23712 -17579
0 4 28 2 23710 -17602
0 4 29 2 34720 -8458
0 4 30 2 -22717 27655
0 4 31 2 -8457 -34767
0 4 32 2 36676 11641
0 4 33 2 3161 32635
0 4 34 2 -24637 7489
0 4 35 2 21729 -37706
0 4 36 2 31807 -38676
0 4 37 2 8426 34727
0 4 38 2 32756 -28652
0 4 39 2 -18610 -33676
0 4 40 2 24634 -7493
0 4 41 2 15565 3558
0 4 42 2 -35665 -1604
0 4 43 2 23656 -17556
0 4 44 2 28619 32775
0 4 45 2 -2621 25684
0 4 46 2 6519 14575
0 4 47 2 -18556 -33704
0 4 48 2 31777 -38674
0 4 49 2 34747 -8520
0 4 50 2 -25671 -2558
0 4 51 2 -37643 -21672
0 4 52 2 17582 23696
0 4 53 2 17556 23662
0 4 54 2 17611 23713
0 4 55 2 37642 21674
0 4 56 2 -37726 -21716
0 4 57 2 -15612 -3578
0 4 58 2 34699 -8508
0 4 59 2 13613 -16625
0 4 60 2 -26655 -12565
0 4 61 2 22646 -27594
0 4 62 2 -16593 -13650
0 4 63 2 -22620 27567
0 4 64 2 -21707 37680
0 4 65 2 3217 32597
0 4 66 2 -28569 -32781
0 4 67 2 -25651 -2609
0 4 68 2 14589 -6512
0 4 69 2 3558 -15572
0 4 70 2 -5545 -4546
0 4 71 2 -38696 -31785
0 4 72 2 -6497 -14615
0 4 73 2 14623 -6513
0 4 74 2 23682 -17568
0 4 75 2 -13588 16639
0 4 76 2 -11638 36712
0 4 77 2 -25713 -2619
0 4 78 2 4571 -5557
0 4 79 2 28567 32748
0 4 80 2 -2598 25637
0 4 81 2 6499 14598
0 4 82 2 35690 1585
0 4 83 2 38655 31745
0 4 84 2 18547 33792
0 4 85 2 -22691 27561
0 4 86 2 -17554 -23690
0 4 87 2 -8476 -34698
0 4 88 2 6492 14603
0 4 89 2 27587 22667
0 4 90 2 -28629 -32734
0 4 91 2 -33758 18556
0 4 92 2 31803 -38649
0 4 93 2 -31747 38691
0 4 94 2 17575 23653
0 4 95 2 32787 -28607
0 4 96 2 -32712 28630
0 4 97 2 3186 32594
0 4 98 2 -6549 -14620
0 4 99 2 15645 3537
0 4 100 2 26620 12646
0 4 101 2 -24678 7511
0 4 102 2 38707 31705
0 4 103 2 8489 34743
0 4 104 2 13648 -16558
0 4 105 2 -37679 -21742
0 4 106 2 -26684 -12655
0 4 107 2 -3549 15578
0 4 108 2 -8508 -34710
0 4 109 2 -5553 -4564
0 4 110 2 22695 -27610
0 4 111 2 -36680 -11640
0 4 112 2 -23684 17563
0 4 113 2 8 0
0 4 114 2 0 28
0 4 115 2 52 -3
0 4 116 2 6 14
0 4 117 2 57 -39
0 4 118 2 -57 6
0 4 119 2 4 64
0 4 120 2 -34 -3
0 4 121 2 21 13
0 4 122 2 -28 34
0 4 123 2 44 -27
0 4 124 2 0 -29
0 4 125 2 9 22
0 4 126 2 11 -23
0 4 127 2 21 -38
0 4 128 2 23 -73
0 4 129 2 -7 -25
0 4 130 2 -1 41
0 4 131 2 3 21
0 4 132 2 23 -17
0 4 133 2 32 -26
0 4 134 2 -59 60
0 4 135 2 -8 2
0 4 136 2 63 107
0 4 137 2 -18 36
0 4 138 2 -54 59
0 4 139 2 -18 -12
0 4 140 2 11 1
0 4 141 2 0 -5
0 4 142 2 -6 -4
0 4 143 2 -29 3
0 4 144 2 -34694 8480
0 4 145 2 21704 -37730
0 4 146 2 33753 -18523
0 4 147 2 -13639 16586
0 4 148 2 -13624 16589
0 4 149 2 12636 -26639
0 4 150 2 -24672 7514
0 4 151 2 -13596 16530
0 4 152 2 -6509 -14633
0 4 153 2 14618 -6514
0 4 154 2 -15533 -3555
0 4 155 2 -2556 25612
0 4 156 2 12668 -26637
0 4 157 2 15554 3530
0 4 158 2 -1592 35755
0 4 159 2 3212 32585
0 4 160 2 -18556 -33791
0 4 161 2 11671 -36699
0 4 162 2 31764 -38687
0 4 163 2 -23662 17544
0 4 164 2 -34739 8471
0 4 165 2 -37663 -21691
0 4 166 2 3546 -15595
0 4 167 2 37730 21746
0 4 168 2 3547 -15545
0 4 169 2 13604 -16606
0 4 170 2 -8522 -34709
0 4 171 2 -18549 -33740
0 4 172 2 -11670 36713
0 4 173 2 -21677 37699
0 4 174 2 14608 -6533
0 4 175 2 38692 31790
0 4 176 2 31786 -38709
0 4 177 2 7520 24681
0 4 178 2 31841 -38674
0 4 179 2 12641 -26567
0 4 180 2 33741 -18541
0 4 181 2 -26659 -12673
0 4 182 2 -27604 -22637
0 4 183 2 -2528 25614
0 4 184 2 31791 -38677
0 4 185 2 4544 -5501
0 4 186 2 2571 -25652
0 4 187 2 -32751 28606
0 4 188 2 21733 -37654
0 4 189 2 -37657 -21675
0 4 190 2 -25627 -2546
0 4 191 2 3203 32587
0 4 192 2 36725 11604
0 4 193 2 33836 -18609
0 4 194 2 38723 31828
0 4 195 2 -14614 6602
0 4 196 2 -18561 -33748
0 4 197 2 32774 -28576
0 4 198 2 33799 -18547
0 4 199 2 3574 -15557
0 4 200 2 8503 34772
0 4 201 2 31788 -38645
0 4 202 2 36696 11619
0 4 203 2 2572 -25663
0 4 204 2 34770 -8458
0 4 205 2 11629 -36726
0 4 206 2 6506 14632
0 4 207 2 4586 -5516
0 4 208 2 17546 23657
0 4 209 2 -7511 -24697
0 4 210 2 36684 11648
0 4 211 2 -8496 -34718
0 4 212 2 -26642 -12629
0 4 213 2 4533 -5567
0 4 214 2 24663 -7540
0 4 215 2 33694 -18553
0 4 216 2 -32754 28654
0 4 217 2 -27660 -22664
0 4 218 2 16579 13599
0 4 219 2 -21714 37760
0 4 220 2 -26644 -12643
0 4 221 2 -13587 16565
0 4 222 2 22653 -27642
0 4 223 2 3188 32613
0 4 224 2 -6475 -14556
0 4 225 2 8556 34716
0 4 226 2 38650 31825
0 4 227 2 8493 34693
0 4 228 2 -12610 26654
0 4 229 2 -8468 -34727
0 4 230 2 -31762 38720
0 4 231 2 -35702 -1582
0 4 232 2 38729 31738
0 4 233 2 -26619 -12625
0 4 234 2 -23693 17517
0 4 235 2 -12634 26635
0 4 236 2 36731 11683
0 4 237 2 6520 14571
0 4 238 2 37688 21724
0 4 239 2 -38634 -31776
0 4 240 2 17616 23724
0 4 241 2 -32682 28628
0 4 242 2 22640 -27571
0 4 243 2 2570 -25650
0 4 244 2 32736 -28644
0 4 245 2 34699 -8473
0 4 246 2 -1583 35746
0 4 247 2 14600 -6527
0 4 248 2 7550 24695
0 4 249 2 18485 33742
0 4 250 2 -37752 -21641
0 4 251 2 3566 -15504
0 4 252 2 37665 21635
0 4 253 2 3559 -15563
0 4 254 2 -12669 26672
0 4 255 2 3157 32801
0 5 0 2 -260 70
0 5 1 2 3126 32613
0 5 2 2 21724 -37700
0 5 3 2 12590 -26616
0 5 4 2 -34797 8533
0 5 5 2 -18518 -33745
0 5 6 2 21757 -37646
0 5 7 2 -1564 35831
0 5 8 2 28639 32748
0 5 9 2 -27731 -22712
0 5 10 2 2579 -25646
0 5 11 2 37702 21744
0 5 12 2 -18435 -33676
0 5 13 2 -24725 7479
0 5 14 2 -12663 26520
0 5 15 2 12552 -26644
0 5 16 2 -21734 37709
0 5 17 2 7590 24629
0 5 18 2 24648 -7505
0 5 19 2 -21683 37692
0 5 20 2 -25710 -2554
0 5 21 2 -34727 8453
0 5 22 2 -12636 26612
0 5 23 2 -25652 -2612
0 5 24 2 -2526 25630
0 5 25 2 -27634 -22695
0 5 26 2 -38694 -31791
0 5 27 2 -16549 -13619
0 5 28 2 -14641 6451
0 5 29 2 -7457 -24671
0 5 30 2 13692 -16579
0 5 31 2 27628 22654
0 5 32 2 -18526 -33709
0 5 33 2 3170 32599
0 5 34 2 17567 23675
0 5 35 2 11661 -36687
0 5 36 2 25587 2614
0 5 37 2 -23658 17551
0 5 38 2 -34740 8466
0 5 39 2 -3544 15581
0 5 40 2 6492 14642
0 5 41 2 1581 -35735
0 5 42 2 4547 -5489
0 5 43 2 3521 -15574
0 5 44 2 5513 4541
0 5 45 2 -37691 -21724
0 5 46 2 -16538 -13604
0 5 47 2 -22718 27620
0 5 48 2 -2599 25669
0 5 49 2 7493 24668
0 5 50 2 -6527 -14650
0 5 51 2 -5534 -4501
0 5 52 2 -1567 35749
0 5 53 2 -32734 28586
0 5 54 2 26627 12730
0 5 55 2 -15620 -3558
0 5 56 2 22707 -27669
0 5 57 2 -2613 25659
0 5 58 2 15598 3513
0 5 59 2 26654 12617
0 5 60 2 22644 -27589
0 5 61 2 24631 -7380
0 5 62 2 -8475 -34726
0 5 63 2 -32735 28548
0 5 64 2 -24637 7470
0 5 65 2 3216 32629
0 5 66 2 -18528 -33795
0 5 67 2 2549 -25662
0 5 68 2 -8455 -34762
0 5 69 2 26626 12613
0 5 70 2 4522 -5544
0 5 71 2 36693 11679
0 5 72 2 8479 34726
0 5 73 2 34726 -8455
0 5 74 2 -8438 -34749
0 5 75 2 31774 -38705
0 5 76 2 12603 -26626
0 5 77 2 -12620 26602
0 5 78 2 23726 -17569
0 5 79 2 35733 1542
0 5 80 2 11672 -36710
0 5 81 2 14625 -6490
0 5 82 2 23664 -17537
0 5 83 2 16558 13628
0 5 84 2 3535 -15562
0 5 85 2 -11654 36717
0 5 86 2 26649 12648
0 5 87 2 -15567 -3600
0 5 88 2 23665 -17589
0 5 89 2 -18562 -33724
0 5 90 2 -17608 -23701
0 5 91 2 -21674 37676
0 5 92 2 23653 -17587
0 5 93 2 -33779 18534
0 5 94 2 -6520 -14552
0 5 95 2 31763 -38661
0 5 96 2 8442 34748
0 5 97 2 3212 32615
0 5 98 2 14648 -6521
0 5 99 2 4561 -5524
0 5 100 2 35701 1580
0 5 101 2 5550 4502
0 5 102 2 4459 -5513
0 5 103 2 -35728 -1577
0 5 104 2 4579 -5517
0 5 105 2 36683 11645
0 5 106 2 -33699 18541
0 5 107 2 -37659 -21692
0 5 108 2 -32720 28633
0 5 109 2 21743 -37722
0 5 110 2 11698 -36656
0 5 111 2 11672 -36705
0 5 112 2 -26624 -12649
0 5 113 2 8 14
0 5 114 2 -6 -6
0 5 115 2 30 -3
0 5 116 2 1 26
0 5 117 2 3 9
0 5 118 2 -8 -15
0 5 119 2 0 24
0 5 120 2 -25 -38
0 5 121 2 25 55
0 5 122 2 69 29
0 5 123 2 -21 68
0 5 124 2 -30 -49
0 5 125 2 -63 -3
0 5 126 2 -9 -80
0 5 127 2 13 -50
0 5 128 2 -3 28
0 5 129 2 19 1
0 5 130 2 35 -2
0 5 131 2 21 29
0 5 132 2 43 -9
0 5 133 2 16 44
0 5 134 2 -13 -51
0 5 135 2 -38 13
0 5 136 2 69 63
0 5 137 2 -30 3
0 5 138 2 -42 43
0 5 139 2 -9 -4
0 5 140 2 -24 -17
0 5 141 2 6 -20
0 5 142 2 -7 -32
0 5 143 2 -23 0
0 5 144 2 -5521 -4574
0 5 145 2 -27606 -22715
0 5 146 2 1584 -35713
0 5 147 2 5569 4538
0 5 148 2 14614 -6516
0 5 149 2 -36700 -11621
0 5 150 2 -32742 28585
0 5 151 2 -35721 -1559
0 5 152 2 16576 13610
0 5 153 2 -15610 -3581
0 5 154 2 -18543 -33680
0 5 155 2 -38624 -31752
0 5 156 2 8476 34766
0 5 157 2 27647 22726
0 5 158 2 -1592 35715
0 5 159 2 3245 32579
0 5 160 2 26590 12691
0 5 161 2 17557 23681
0 5 162 2 31712 -38680
0 5 163 2 -27607 -22684
0 5 164 2 -32745 28641
0 5 165 2 -3541 15584
0 5 166 2 33724 -18566
0 5 167 2 -28639 -32720
0 5 168 2 -18504 -33789
0 5 169 2 32744 -28627
0 5 170 2 18572 33718
0 5 171 2 -35740 -1596
0 5 172 2 27579 22710
0 5 173 2 13593 -16624
0 5 174 2 -14590 6524
0 5 175 2 -3507 15560
0 5 176 2 36748 11640
0 5 177 2 -15547 -3578
0 5 178 2 -28592 -32755
0 5 179 2 -6491 -14651
0 5 180 2 27658 22675
0 5 181 2 25667 2567
0 5 182 2 -34736 8486
0 5 183 2 33736 -18558
0 5 184 2 11681 -36719
0 5 185 2 24649 -7527
0 5 186 2 -16538 -13600
0 5 187 2 -8520 -34726
0 5 188 2 23699 -17567
0 5 189 2 -15571 -3542
0 5 190 2 38670 31774
0 5 191 2 3201 32549
0 5 192 2 -6483 -14621
0 5 193 2 34824 -8489
0 5 194 2 -24628 7512
0 5 195 2 -37800 -21622
0 5 196 2 -26641 -12627
0 5 197 2 37709 21703
0 5 198 2 -12656 26624
0 5 199 2 1636 -35676
0 5 200 2 -2538 25653
0 5 201 2 -5529 -4571
0 5 202 2 34672 -8474
0 5 203 2 38638 31739
0 5 204 2 23677 -17567
0 5 205 2 33701 -18564
0 5 206 2 -11611 36666
0 5 207 2 -12683 26631
0 5 208 2 4515 -5503
0 5 209 2 -18544 -33721
0 5 210 2 -5553 -4564
0 5 211 2 14641 -6469
0 5 212 2 -37684 -21725
0 5 213 2 -22647 27661
0 5 214 2 -3570 15589
0 5 215 2 2557 -25667
0 5 216 2 37700 21719
0 5 217 2 -18526 -33689
0 5 218 2 18574 33770
0 5 219 2 -1545 35701
0 5 220 2 -14607 6547
0 5 221 2 -32783 28584
0 5 222 2 33768 -18501
0 5 223 2 3202 32638
0 5 224 2 -36722 -11670
0 5 225 2 38674 31743
0 5 226 2 16531 13505
0 5 227 2 -32776 28600
0 5 228 2 32809 -28602
0 5 229 2 -31751 38677
0 5 230 2 33761 -18514
0 5 231 2 -27612 -22682
0 5 232 2 -16538 -13592
0 5 233 2 -15562 -3579
0 5 234 2 3559 -15597
0 5 235 2 -34741 8477
0 5 236 2 -11633 36737
0 5 237 2 -8507 -34781
0 5 238 2 21692 -37669
0 5 239 2 -6458 -14656
0 5 240 2 31720 -38636
0 5 241 2 21724 -37642
0 5 242 2 -11552 36714
0 5 243 2 36669 11699
0 5 244 2 -38685 -31846
0 5 245 2 12662 -26653
0 5 246 2 -33703 18581
0 5 247 2 -4516 5588
0 5 248 2 16596 13560
0 5 249 2 -11697 36705
0 5 250 2 -1560 35684
0 5 251 2 7520 24611
0 5 252 2 -25674 -2536
0 5 253 2 -33715 18569
0 5 254 2 -26574 -12690
0 5 255 2 3378 32547
