-1.35041773e-08 -3.49245965e-08
1 -5.27070974e-08
-0.99999994 2.08398419e-08
-1 -2.68306284e-08
1 -7.02997625e-08
0.99999994 -1.66884764e-08
1 -1.03380737e-09
-1 -3.24501777e-08
-1 -8.3343048e-09
-1 -3.70847744e-08
-1 -6.03386354e-08
-0.99999994 1.84093452e-08
1 2.71910783e-09
-1 5.14257472e-08
-1 -8.23657942e-08
1 1.08259233e-08
-1 -1.14125021e-08
-0.99999994 8.35152036e-08
0.999999881 -7.13118808e-08
-1 1.85561078e-08
1 8.30275759e-09
1 5.08640028e-08
1 2.76284773e-08
1 6.62164581e-08
-0.99999994 3.44445965e-08
0.99999994 1.74367631e-08
-1 3.73472275e-08
-1 7.26476879e-09
1 3.08642321e-08
-1 -1.81035329e-08
-0.99999994 -4.77675428e-08
-1 -3.92213462e-09
-1.00000012 -1.9238195e-08
0.99999994 1.28796689e-08
-1 -1.62560276e-08
-1 -7.72527287e-08
0.99999994 7.71198572e-08
0.99999994 -1.21141701e-08
0.999999881 4.28783871e-08
-0.999999881 -4.17315995e-08
1 1.79749851e-08
-0.99999994 3.94818134e-09
0.99999994 -2.07894502e-08
-1 6.63100153e-08
-1 1.38647751e-08
-1 -5.32144853e-08
-1 4.01459133e-08
1.00000012 2.35196467e-08
1 -2.21281637e-09
0.99999994 -2.50322003e-08
0.99999994 -2.03240869e-09
1.00000012 -8.80884841e-08
0.99999994 -5.47302683e-08
-0.99999994 6.89101554e-10
0.999999881 8.78602293e-08
1 -5.63445077e-08
-0.99999994 1.5933292e-08
0.999999881 5.92874869e-08
-0.999999881 -3.52601575e-08
-1 -6.63569182e-08
1 -8.28419005e-08
-0.99999994 -8.19025843e-08
0.99999994 -1.05918261e-08
0.99999994 1.99446948e-08
-0.999999881 1.39698386e-09
1.00000012 -3.98888851e-08
1 -7.61430101e-08
-1 3.49486284e-09
-0.99999994 -6.70090543e-08
-1 -3.86788379e-08
0.99999994 -6.39862208e-08
-1 -1.53122919e-08
-1 7.82393972e-09
0.99999994 3.05669907e-08
1 -1.72440764e-08
1 3.84814562e-08
1 2.562955e-08
1 1.18210259e-08
-0.999999881 -5.84301922e-08
1 -1.00296536e-08
-1 3.11003809e-08
-1 1.40293768e-08
1 8.05353506e-10
1 -2.60666315e-08
-1 4.85593645e-08
0.99999994 2.18218155e-08
-1 2.14975557e-08
-1.00000012 6.00056325e-08
-1.00000012 -1.58472755e-08
-0.99999994 -2.38767015e-08
-0.99999994 3.02596668e-08
0.99999994 -2.10128039e-08
0.99999994 4.78512057e-08
-0.99999994 2.52275068e-09
-1 -1.96816696e-08
1 -3.91941626e-08
1 3.19571321e-08
0.99999994 9.91973792e-09
0.99999994 2.98762104e-09
-0.99999994 1.42007686e-08
1 -3.12278259e-10
1 -1.55579087e-08
0.99999994 -3.68210529e-08
1 -3.52255789e-08
-1 2.98422194e-08
0.99999994 7.42151784e-10
-1 4.92992847e-08
-1 -5.2914654e-08
-1.00000012 4.50457449e-08
-0.99999994 3.3313956e-08
-1 1.79758679e-08
-1.00000012 1.0682454e-08
-1 -4.33386127e-08
-5.00318613e-08 2.21126228e-08
3.75779194e-08 9.92130733e-09
2.09330597e-08 -4.50064483e-08
3.63684798e-08 4.13499457e-08
4.32700631e-08 3.32081953e-08
2.18890115e-08 -5.52066126e-08
-8.31534877e-08 3.1673455e-08
-2.66962346e-08 -5.51175674e-08
1.08037113e-07 7.91429997e-08
-2.31211441e-08 -9.74299219e-09
-2.11970104e-08 -4.79688396e-08
6.01236678e-08 -3.57820285e-09
-4.07571328e-08 3.30332277e-08
3.09394599e-09 -2.91957019e-08
-2.77858403e-09 -8.15664905e-08
2.7474016e-08 -5.12227416e-09
-5.08083211e-08 4.681322e-08
-2.72885945e-08 -4.32436593e-08
4.53173357e-08 1.86819449e-08
-5.66693537e-08 9.76315278e-08
-1.14554851e-07 9.50423455e-08
-6.7594776e-08 2.84274559e-08
1.17912762e-07 4.12532692e-08
1.2913371e-07 1.72941448e-08
3.21989795e-08 -2.66469762e-08
2.04548236e-08 1.04611686e-07
3.720797e-09 1.63856591e-08
-3.9612992e-08 -8.40312779e-08
8.21949619e-09 -8.52628403e-08
-1.86661229e-08 1.88615701e-08
-3.75004738e-08 4.40288552e-08
1 3.38263473e-10
0.999999881 -3.24115099e-08
-1 4.99772419e-08
1 -1.66230176e-08
1 -6.85855497e-08
-0.999999881 -1.20024225e-07
1 -1.35346241e-08
-1 -9.72607239e-08
1 7.73768338e-09
-1 2.13201048e-08
0.99999994 -4.00797902e-08
-0.99999994 -3.08583061e-08
-1 -5.83100572e-08
-0.99999994 -9.56183577e-09
1 3.92072899e-08
0.99999994 4.59119782e-08
-1 -8.7014822e-09
-1 -4.98234654e-09
1 4.79404285e-08
-0.99999994 7.56111547e-08
-0.99999994 1.72125525e-09
1 -1.30266677e-08
1 -1.32099069e-08
-0.99999994 3.58157415e-09
-0.999999881 -3.93835577e-08
-1.00000012 -4.29543547e-08
-0.999999881 1.94345517e-08
-0.99999994 1.28737563e-08
1 3.30005605e-08
0.999999821 9.16294738e-08
0.99999994 2.94871842e-08
-1.00000012 -3.15541482e-09
-1 -1.04205471e-08
-0.99999994 -7.13895858e-08
-0.99999994 1.86125906e-08
-1.00000012 1.03999319e-07
0.99999994 4.89840737e-08
0.999999881 -3.57370347e-08
-0.99999994 -8.58663327e-08
-1.00000012 1.28231164e-07
-0.99999994 5.7143561e-09
-0.999999881 -9.72525598e-08
-1 -5.19681436e-08
-1.00000012 1.01512654e-07
1 4.02213942e-08
-0.99999994 -3.38802195e-08
1 -6.00448491e-09
0.99999994 -1.36687639e-08
-0.99999994 2.37487257e-08
0.99999994 1.12928511e-08
0.99999994 2.39638211e-08
-0.99999994 2.44517775e-08
-1 -9.85205251e-09
-1 6.38168132e-08
1 6.6942345e-09
1 4.703179e-08
-1.00000012 -2.86375812e-08
0.99999994 5.03209669e-08
-1.00000012 -1.69703362e-08
1.00000012 -3.46836551e-08
-1 4.05407938e-08
-0.999999881 -3.64996988e-09
-0.999999881 -3.75306719e-08
-1 -4.70347352e-08
1 3.02652765e-08
1 -8.15752976e-09
1 -8.39443093e-09
-1.00000012 6.71194156e-10
-0.99999994 -7.86470409e-08
-0.999999881 2.97497742e-08
0.99999994 -3.53639678e-08
1.00000012 -5.61045823e-08
1.00000012 -6.57866916e-09
0.99999994 -1.34011572e-07
-1 4.13754648e-08
0.99999994 4.27256239e-08
1 1.54824287e-09
1 4.4272877e-10
-0.99999994 1.66261973e-08
0.99999994 3.17004485e-08
-0.99999994 1.08837073e-08
-1 1.66728515e-08
-0.999999881 3.99109865e-08
1 -3.23571534e-08
0.99999994 -2.8999489e-08
0.99999994 -6.27930987e-08
-1 3.70509099e-08
-1 3.28530128e-08
-0.99999994 3.42015349e-09
0.99999994 2.11078159e-08
-1.00000012 -5.80030246e-08
-0.99999994 -6.48619221e-08
0.99999994 -7.67692541e-08
0.99999994 -4.60629117e-08
-0.999999881 7.18561282e-08
-1.00000012 -2.8837075e-08
1 5.68055913e-09
-0.999999881 1.7333619e-08
1 2.42223108e-09
-1.00000012 5.25579615e-08
1 5.47667156e-08
-0.99999994 1.942837e-08
1 5.29852713e-08
-1 -7.64168959e-08
-1 1.37135858e-08
0.99999994 7.7953473e-08
0.999999881 2.80687242e-08
1 1.46938159e-08
-1.00000012 2.42450824e-08
-1 1.07449466e-07
0.99999994 5.7407739e-08
1 4.07944327e-08
