0 0 0 0 -473 74
0 0 1 0 32771 7
0 0 2 0 -23126 -23164
0 0 3 0 -23178 -23178
0 0 4 0 23135 23185
0 0 5 0 23170 23174
0 0 6 0 23169 23151
0 0 7 0 -23189 23157
0 0 8 0 23119 23184
0 0 9 0 -23139 -23199
0 0 10 0 23093 23170
0 0 11 0 23193 23178
0 0 12 0 23171 23213
0 0 13 0 -23156 -23192
0 0 14 0 23201 23219
0 0 15 0 23166 23161
0 0 16 0 -23119 -23184
0 0 17 0 -23184 23153
0 0 18 0 -23215 23193
0 0 19 0 -23159 -23171
0 0 20 0 -23204 23166
0 0 21 0 23156 23181
0 0 22 0 23177 23188
0 0 23 0 -23125 23103
0 0 24 0 -23146 -23175
0 0 25 0 -23149 23168
0 0 26 0 23177 -23188
0 0 27 0 -23156 23158
0 0 28 0 23164 -23170
0 0 29 0 -23155 23127
0 0 30 0 23191 23165
0 0 31 0 23196 -23187
0 0 32 0 -23139 23142
0 0 33 0 32760 11
0 0 34 0 23176 -23166
0 0 35 0 23156 23162
0 0 36 0 23151 23156
0 0 37 0 23115 23156
0 0 38 0 23156 23171
0 0 39 0 23144 23171
0 0 40 0 23173 -23143
0 0 41 0 -23140 -23169
0 0 42 0 -23209 23147
0 0 43 0 -23173 23149
0 0 44 0 23212 -23155
0 0 45 0 23148 23193
0 0 46 0 23190 23160
0 0 47 0 23206 -23146
0 0 48 0 23164 -23171
0 0 49 0 -23174 -23143
0 0 50 0 23199 -23139
0 0 51 0 -23149 -23183
0 0 52 0 23186 -23165
0 0 53 0 23146 23171
0 0 54 0 -23182 23165
0 0 55 0 -23173 -23213
0 0 56 0 23159 -23153
0 0 57 0 23165 -23146
0 0 58 0 23146 -23128
0 0 59 0 -23135 -23220
0 0 60 0 -23160 23143
0 0 61 0 -23177 23178
0 0 62 0 23158 23180
0 0 63 0 23204 -23174
0 0 64 0 23181 -23180
0 0 65 0 32794 -5
0 0 66 0 23199 -23166
0 0 67 0 -23171 -23187
0 0 68 0 -23174 -23167
0 0 69 0 -23156 -23140
0 0 70 0 -23160 23152
0 0 71 0 23156 23163
0 0 72 0 23177 -23205
0 0 73 0 -23206 23166
0 0 74 0 -23176 23160
0 0 75 0 -23203 23179
0 0 76 0 23192 23195
0 0 77 0 -23180 23165
0 0 78 0 -23158 -23170
0 0 79 0 -23150 -23177
0 0 80 0 -23209 -23168
0 0 81 0 23154 -23150
0 0 82 0 23160 23178
0 0 83 0 23160 23180
0 0 84 0 -23145 -23209
0 0 85 0 -23156 23187
0 0 86 0 23178 23150
0 0 87 0 -23178 -23182
0 0 88 0 -23174 23157
0 0 89 0 -23182 -23167
0 0 90 0 23157 23197
0 0 91 0 -23150 23143
0 0 92 0 23157 23126
0 0 93 0 23173 23201
0 0 94 0 23141 23192
0 0 95 0 -23151 -23161
0 0 96 0 23179 23201
0 0 97 0 32782 -11
0 0 98 0 -23158 -23145
0 0 99 0 -23167 23197
0 0 100 0 -23183 23135
0 0 101 0 23158 -23172
0 0 102 0 23173 23193
0 0 103 0 -23156 23167
0 0 104 0 -23155 -23188
0 0 105 0 23188 23156
0 0 106 0 23151 23137
0 0 107 0 -23164 23163
0 0 108 0 -23192 23147
0 0 109 0 -23181 -23190
0 0 110 0 -23184 23157
0 0 111 0 23177 23175
0 0 112 0 -23156 -23181
0 0 113 0 -7 -30
0 0 114 0 -10 15
0 0 115 0 4 -12
0 0 116 0 -9 21
0 0 117 0 4 2
0 0 118 0 -7 -14
0 0 119 0 -18 -13
0 0 120 0 -12 -2
0 0 121 0 -29 4
0 0 122 0 21 3
0 0 123 0 -16 0
0 0 124 0 -26 10
0 0 125 0 -13 -2
0 0 126 0 -17 17
0 0 127 0 15 23
0 0 128 0 -8 -14
0 0 129 0 -45 -16
0 0 130 0 -27 -7
0 0 131 0 24 38
0 0 132 0 3 -25
0 0 133 0 1 -8
0 0 134 0 7 -13
0 0 135 0 7 34
0 0 136 0 21 -9
0 0 137 0 -1 -7
0 0 138 0 -28 2
0 0 139 0 12 33
0 0 140 0 -48 10
0 0 141 0 -15 12
0 0 142 0 -17 -2
0 0 143 0 24 0
0 0 144 0 -23212 23142
0 0 145 0 23233 -23183
0 0 146 0 23167 23180
0 0 147 0 23178 -23165
0 0 148 0 -23175 -23145
0 0 149 0 -23169 23183
0 0 150 0 23197 -23151
0 0 151 0 -23174 -23194
0 0 152 0 23147 23212
0 0 153 0 -23191 -23191
0 0 154 0 23157 23193
0 0 155 0 23203 23165
0 0 156 0 -23152 23139
0 0 157 0 -23136 23186
0 0 158 0 23113 23200
0 0 159 0 32760 -2
0 0 160 0 23169 -23150
0 0 161 0 23177 -23153
0 0 162 0 -23178 -23189
0 0 163 0 23170 23211
0 0 164 0 -23162 -23158
0 0 165 0 -23151 23144
0 0 166 0 23153 23188
0 0 167 0 23170 23187
0 0 168 0 23152 23166
0 0 169 0 -23169 -23165
0 0 170 0 23181 -23194
0 0 171 0 23155 -23190
0 0 172 0 -23140 -23214
0 0 173 0 -23154 23147
0 0 174 0 23174 -23151
0 0 175 0 -23189 23146
0 0 176 0 23172 -23183
0 0 177 0 -23173 23150
0 0 178 0 -23175 23146
0 0 179 0 -23128 -23154
0 0 180 0 23203 -23214
0 0 181 0 23150 -23179
0 0 182 0 23152 23162
0 0 183 0 -23166 -23167
0 0 184 0 23161 23142
0 0 185 0 -23148 23161
0 0 186 0 23162 23140
0 0 187 0 23176 -23120
0 0 188 0 -23180 23166
0 0 189 0 -23169 -23145
0 0 190 0 23197 -23169
0 0 191 0 32781 6
0 0 192 0 23197 -23148
0 0 193 0 -23161 -23170
0 0 194 0 23193 23191
0 0 195 0 23149 23175
0 0 196 0 -23155 23156
0 0 197 0 23196 23203
0 0 198 0 23162 23160
0 0 199 0 23143 -23166
0 0 200 0 -23154 -23202
0 0 201 0 -23143 -23168
0 0 202 0 -23161 -23183
0 0 203 0 23147 -23162
0 0 204 0 23155 23154
0 0 205 0 -23190 23155
0 0 206 0 -23184 23189
0 0 207 0 23166 23163
0 0 208 0 23201 -23141
0 0 209 0 -23182 23149
0 0 210 0 23177 -23163
0 0 211 0 -23184 23165
0 0 212 0 -23142 23165
0 0 213 0 -23168 -23189
0 0 214 0 -23161 23158
0 0 215 0 23143 23181
0 0 216 0 -23144 23144
0 0 217 0 23162 23194
0 0 218 0 -23165 -23179
0 0 219 0 -23177 23159
0 0 220 0 23144 23176
0 0 221 0 23157 23145
0 0 222 0 23145 -23126
0 0 223 0 32773 23
0 0 224 0 -23169 -23165
0 0 225 0 23160 23166
0 0 226 0 23168 -23146
0 0 227 0 -23176 -23178
0 0 228 0 -23180 -23181
0 0 229 0 23184 -23182
0 0 230 0 23155 -23196
0 0 231 0 -23174 23181
0 0 232 0 23192 23143
0 0 233 0 -23170 -23189
0 0 234 0 -23216 23183
0 0 235 0 23167 -23135
0 0 236 0 23167 -23165
0 0 237 0 -23178 23167
0 0 238 0 23178 -23155
0 0 239 0 -23153 -23178
0 0 240 0 23175 23167
0 0 241 0 -23205 23155
0 0 242 0 -23172 23168
0 0 243 0 23165 23217
0 0 244 0 23164 23151
0 0 245 0 -23179 -23166
0 0 246 0 -23203 23153
0 0 247 0 23168 23195
0 0 248 0 23185 23187
0 0 249 0 23188 -23140
0 0 250 0 23177 23185
0 0 251 0 -23149 -23159
0 0 252 0 -23143 23131
0 0 253 0 23189 -23143
0 0 254 0 23156 23184
0 0 255 0 32762 -1
0 1 0 1 -470 64
0 1 1 1 32781 -10
0 1 2 1 -32762 -9
0 1 3 1 -32777 -23
0 1 4 1 32781 17
0 1 5 1 32793 11
0 1 6 1 32745 27
0 1 7 1 -32744 10
0 1 8 1 -32764 14
0 1 9 1 -32761 -14
0 1 10 1 -32788 -26
0 1 11 1 -32776 2
0 1 12 1 32749 -7
0 1 13 1 -32747 2
0 1 14 1 -32786 -10
0 1 15 1 32752 12
0 1 16 1 -32792 -3
0 1 17 1 -32772 -14
0 1 18 1 32793 34
0 1 19 1 -32791 5
0 1 20 1 32762 -32
0 1 21 1 32778 25
0 1 22 1 32805 2
0 1 23 1 32736 57
0 1 24 1 -32751 -27
0 1 25 1 32793 4
0 1 26 1 -32740 -23
0 1 27 1 32764 3
0 1 28 1 32755 6
0 1 29 1 -32752 -31
0 1 30 1 -32731 4
0 1 31 1 32771 -7
0 1 32 1 -32782 -31
0 1 33 1 32774 3
0 1 34 1 32789 8
0 1 35 1 -32775 4
0 1 36 1 -32758 -5
0 1 37 1 32751 29
0 1 38 1 32742 43
0 1 39 1 -32781 -22
0 1 40 1 -32772 -26
0 1 41 1 -32748 15
0 1 42 1 32803 16
0 1 43 1 -32762 -4
0 1 44 1 -32748 5
0 1 45 1 -32779 1
0 1 46 1 -32757 4
0 1 47 1 32754 -7
0 1 48 1 32762 12
0 1 49 1 32749 3
0 1 50 1 32755 -5
0 1 51 1 32735 -16
0 1 52 1 32781 36
0 1 53 1 -32801 -8
0 1 54 1 32781 9
0 1 55 1 32802 24
0 1 56 1 -32785 -21
0 1 57 1 32755 -18
0 1 58 1 -32755 -16
0 1 59 1 -32771 15
0 1 60 1 32791 24
0 1 61 1 32747 9
0 1 62 1 32755 41
0 1 63 1 -32778 -28
0 1 64 1 -32745 10
0 1 65 1 32786 35
0 1 66 1 -32781 21
0 1 67 1 -32771 -13
0 1 68 1 32786 12
0 1 69 1 -32748 -3
0 1 70 1 -32773 23
0 1 71 1 -32729 3
0 1 72 1 -32821 -38
0 1 73 1 32751 8
0 1 74 1 32745 -38
0 1 75 1 32765 29
0 1 76 1 32783 -9
0 1 77 1 32759 1
0 1 78 1 -32787 -57
0 1 79 1 32752 -14
0 1 80 1 32774 -5
0 1 81 1 -32783 -2
0 1 82 1 32767 36
0 1 83 1 32786 -31
0 1 84 1 -32785 -21
0 1 85 1 32758 28
0 1 86 1 -32784 -13
0 1 87 1 -32747 -6
0 1 88 1 -32773 -1
0 1 89 1 -32768 12
0 1 90 1 -32778 18
0 1 91 1 32756 -4
0 1 92 1 32767 26
0 1 93 1 -32752 11
0 1 94 1 -32732 0
0 1 95 1 -32800 -7
0 1 96 1 32730 14
0 1 97 1 32764 2
0 1 98 1 32755 -41
0 1 99 1 -32758 37
0 1 100 1 32756 30
0 1 101 1 32728 9
0 1 102 1 32774 8
0 1 103 1 32749 17
0 1 104 1 -32769 -35
0 1 105 1 32765 0
0 1 106 1 -32800 -15
0 1 107 1 -32753 6
0 1 108 1 -32782 -36
0 1 109 1 -32740 -4
0 1 110 1 -32769 -14
0 1 111 1 -32797 -10
0 1 112 1 -32762 0
0 1 113 1 -2 -10
0 1 114 1 19 35
0 1 115 1 -9 25
0 1 116 1 -12 32
0 1 117 1 -23 9
0 1 118 1 16 -33
0 1 119 1 13 -47
0 1 120 1 -12 -15
0 1 121 1 -1 -1
0 1 122 1 26 -10
0 1 123 1 4 -4
0 1 124 1 4 -4
0 1 125 1 -10 -16
0 1 126 1 -8 31
0 1 127 1 9 -20
0 1 128 1 -5 -2
0 1 129 1 6 1
0 1 130 1 20 -13
0 1 131 1 12 -19
0 1 132 1 1 9
0 1 133 1 11 5
0 1 134 1 -45 3
0 1 135 1 -4 12
0 1 136 1 -6 14
0 1 137 1 -13 25
0 1 138 1 -20 32
0 1 139 1 9 -17
0 1 140 1 -23 -9
0 1 141 1 15 -3
0 1 142 1 -30 35
0 1 143 1 -10 -25
0 1 144 1 32756 26
0 1 145 1 32764 10
0 1 146 1 -32769 5
0 1 147 1 32764 2
0 1 148 1 32775 15
0 1 149 1 -32759 -35
0 1 150 1 32778 4
0 1 151 1 -32760 -9
0 1 152 1 32766 18
0 1 153 1 -32775 -62
0 1 154 1 32771 1
0 1 155 1 -32736 -5
0 1 156 1 -32776 -27
0 1 157 1 -32726 -15
0 1 158 1 32774 2
0 1 159 1 32754 -2
0 1 160 1 -32769 -2
0 1 161 1 -32787 -35
0 1 162 1 32768 19
0 1 163 1 -32752 -43
0 1 164 1 -32775 -33
0 1 165 1 32789 28
0 1 166 1 32773 -13
0 1 167 1 -32804 -21
0 1 168 1 -32787 -6
0 1 169 1 -32780 -12
0 1 170 1 -32779 -9
0 1 171 1 -32788 -18
0 1 172 1 32763 25
0 1 173 1 32753 8
0 1 174 1 32762 38
0 1 175 1 -32799 -42
0 1 176 1 -32783 -28
0 1 177 1 -32770 2
0 1 178 1 -32753 28
0 1 179 1 -32744 -38
0 1 180 1 32729 -3
0 1 181 1 32752 28
0 1 182 1 -32770 -19
0 1 183 1 -32788 -12
0 1 184 1 -32776 -27
0 1 185 1 -32785 -32
0 1 186 1 -32753 3
0 1 187 1 -32779 1
0 1 188 1 32790 16
0 1 189 1 -32791 -8
0 1 190 1 32768 13
0 1 191 1 32744 -15
0 1 192 1 -32787 -37
0 1 193 1 32769 30
0 1 194 1 32780 -1
0 1 195 1 -32783 -41
0 1 196 1 -32790 -20
0 1 197 1 -32745 -18
0 1 198 1 32766 6
0 1 199 1 32756 -2
0 1 200 1 -32775 22
0 1 201 1 32733 27
0 1 202 1 -32743 5
0 1 203 1 32778 8
0 1 204 1 -32755 3
0 1 205 1 -32760 0
0 1 206 1 -32766 -23
0 1 207 1 -32783 3
0 1 208 1 32769 23
0 1 209 1 32766 12
0 1 210 1 32767 23
0 1 211 1 -32772 -13
0 1 212 1 -32763 -35
0 1 213 1 -32752 -10
0 1 214 1 32732 1
0 1 215 1 32746 35
0 1 216 1 32757 42
0 1 217 1 32746 -28
0 1 218 1 -32754 2
0 1 219 1 32758 31
0 1 220 1 32751 8
0 1 221 1 32768 50
0 1 222 1 -32757 -20
0 1 223 1 32736 -33
0 1 224 1 -32762 7
0 1 225 1 -32751 16
0 1 226 1 -32726 -18
0 1 227 1 32767 6
0 1 228 1 32754 -9
0 1 229 1 32780 34
0 1 230 1 -32788 12
0 1 231 1 -32768 -26
0 1 232 1 -32775 7
0 1 233 1 32785 -6
0 1 234 1 -32779 -26
0 1 235 1 -32773 -13
0 1 236 1 32791 31
0 1 237 1 32744 15
0 1 238 1 -32768 -23
0 1 239 1 -32719 -12
0 1 240 1 32724 0
0 1 241 1 -32750 -29
0 1 242 1 32762 39
0 1 243 1 -32748 3
0 1 244 1 32764 22
0 1 245 1 -32751 -5
0 1 246 1 32780 38
0 1 247 1 -32761 0
0 1 248 1 -32792 0
0 1 249 1 32773 8
0 1 250 1 32751 22
0 1 251 1 32755 13
0 1 252 1 -32790 -36
0 1 253 1 -32767 -30
0 1 254 1 32771 34
0 1 255 1 32733 -5
0 2 0 2 -466 101
0 2 1 2 32775 4
0 2 2 2 10337 31102
0 2 3 2 31101 31131
0 2 4 2 -31094 31042
0 2 5 2 31067 -10352
0 2 6 2 -31106 -10390
0 2 7 2 10365 -10334
0 2 8 2 -10373 10347
0 2 9 2 31077 31132
0 2 10 2 31087 10339
0 2 11 2 31079 31101
0 2 12 2 -10318 -31075
0 2 13 2 -31050 -31062
0 2 14 2 10406 31078
0 2 15 2 -31069 10344
0 2 16 2 -31069 10334
0 2 17 2 -10372 31079
0 2 18 2 10341 -31103
0 2 19 2 31085 -10357
0 2 20 2 -10358 31101
0 2 21 2 -10395 10358
0 2 22 2 31051 31140
0 2 23 2 -10380 31096
0 2 24 2 -10363 10356
0 2 25 2 -31108 10350
0 2 26 2 31069 31082
0 2 27 2 31113 -31101
0 2 28 2 -10365 -31083
0 2 29 2 -31086 10320
0 2 30 2 -10367 31082
0 2 31 2 -31092 31084
0 2 32 2 10354 31046
0 2 33 2 32735 -5
0 2 34 2 31079 -10347
0 2 35 2 31110 31079
0 2 36 2 -10378 31051
0 2 37 2 -10374 31089
0 2 38 2 -31047 10345
0 2 39 2 -31091 -10369
0 2 40 2 31084 -31128
0 2 41 2 -31058 10338
0 2 42 2 31068 -31076
0 2 43 2 31075 10375
0 2 44 2 31115 -31080
0 2 45 2 -31076 -10389
0 2 46 2 -10350 10350
0 2 47 2 31057 31060
0 2 48 2 -10394 31077
0 2 49 2 31069 -10337
0 2 50 2 -10343 -31109
0 2 51 2 31073 10408
0 2 52 2 10376 -31082
0 2 53 2 10342 31112
0 2 54 2 31071 -31061
0 2 55 2 -10384 -10387
0 2 56 2 -10352 10356
0 2 57 2 10349 -31066
0 2 58 2 31100 31116
0 2 59 2 31101 -10334
0 2 60 2 -31047 10344
0 2 61 2 10339 31099
0 2 62 2 31093 -31069
0 2 63 2 -31091 31089
0 2 64 2 -31060 31085
0 2 65 2 32775 54
0 2 66 2 31087 10405
0 2 67 2 10343 10370
0 2 68 2 -31087 -10411
0 2 69 2 -31070 31066
0 2 70 2 -10340 -10355
0 2 71 2 10329 10376
0 2 72 2 -10346 -10375
0 2 73 2 -31136 31038
0 2 74 2 -31100 10345
0 2 75 2 10387 -10338
0 2 76 2 -31045 31088
0 2 77 2 31070 31085
0 2 78 2 31081 -31070
0 2 79 2 10354 10360
0 2 80 2 -10363 31093
0 2 81 2 -31096 -31096
0 2 82 2 -10352 10371
0 2 83 2 -31141 10330
0 2 84 2 -31077 31072
0 2 85 2 31106 -10337
0 2 86 2 10364 -10367
0 2 87 2 -31082 -31098
0 2 88 2 31068 10374
0 2 89 2 10378 -10365
0 2 90 2 -10347 -31066
0 2 91 2 -10362 -10326
0 2 92 2 10397 10354
0 2 93 2 -31070 10333
0 2 94 2 31108 -10340
0 2 95 2 31069 10361
0 2 96 2 10310 31083
0 2 97 2 32736 10
0 2 98 2 10346 -31064
0 2 99 2 31087 31094
0 2 100 2 -10339 -10381
0 2 101 2 -31060 -31088
0 2 102 2 -10400 31085
0 2 103 2 31117 -10378
0 2 104 2 10355 10391
0 2 105 2 -31081 10315
0 2 106 2 31074 -10390
0 2 107 2 -10382 31127
0 2 108 2 10335 -10347
0 2 109 2 -31092 31067
0 2 110 2 -10354 -10375
0 2 111 2 10339 -31060
0 2 112 2 10348 10370
0 2 113 2 22 -7
0 2 114 2 -12 16
0 2 115 2 3 12
0 2 116 2 32 -7
0 2 117 2 49 -6
0 2 118 2 -5 29
0 2 119 2 -12 -43
0 2 120 2 -12 9
0 2 121 2 14 -19
0 2 122 2 7 32
0 2 123 2 3 18
0 2 124 2 7 -17
0 2 125 2 22 -6
0 2 126 2 20 1
0 2 127 2 1 42
0 2 128 2 22 -2
0 2 129 2 12 7
0 2 130 2 -8 20
0 2 131 2 -1 24
0 2 132 2 6 0
0 2 133 2 1 4
0 2 134 2 -25 10
0 2 135 2 10 -31
0 2 136 2 -20 14
0 2 137 2 30 22
0 2 138 2 -33 -1
0 2 139 2 -14 18
0 2 140 2 3 -48
0 2 141 2 10 -28
0 2 142 2 -3 -36
0 2 143 2 12 5
0 2 144 2 -10377 10370
0 2 145 2 31132 31093
0 2 146 2 31072 31113
0 2 147 2 -10377 -31111
0 2 148 2 31067 -31087
0 2 149 2 -31077 31085
0 2 150 2 -10358 -31066
0 2 151 2 10396 -10366
0 2 152 2 31050 31073
0 2 153 2 -10363 31048
0 2 154 2 -31080 -10375
0 2 155 2 31087 10346
0 2 156 2 -10362 -10352
0 2 157 2 10363 -10299
0 2 158 2 -31078 10344
0 2 159 2 32754 13
0 2 160 2 -31082 -10348
0 2 161 2 -10385 31073
0 2 162 2 31106 -10361
0 2 163 2 31072 31100
0 2 164 2 10357 -31109
0 2 165 2 10361 -10336
0 2 166 2 31083 31096
0 2 167 2 10352 -31073
0 2 168 2 -10378 -31106
0 2 169 2 31084 10372
0 2 170 2 -31114 10359
0 2 171 2 -10390 10322
0 2 172 2 31074 10386
0 2 173 2 31072 31113
0 2 174 2 10379 -31083
0 2 175 2 -31089 31059
0 2 176 2 -31087 -31127
0 2 177 2 -10348 -10369
0 2 178 2 -31075 10339
0 2 179 2 31090 -10369
0 2 180 2 -31040 -31115
0 2 181 2 -10326 31107
0 2 182 2 -10343 -31077
0 2 183 2 10374 -31093
0 2 184 2 10357 31113
0 2 185 2 -31100 -10337
0 2 186 2 -10352 10319
0 2 187 2 -31079 -10403
0 2 188 2 -31089 10339
0 2 189 2 10358 -31044
0 2 190 2 31098 10375
0 2 191 2 32765 -30
0 2 192 2 10360 31109
0 2 193 2 -31099 -31092
0 2 194 2 31053 -10355
0 2 195 2 10337 31079
0 2 196 2 -10347 -10375
0 2 197 2 31097 31067
0 2 198 2 -10360 10349
0 2 199 2 -10353 -10343
0 2 200 2 10374 10381
0 2 201 2 31092 31100
0 2 202 2 -10363 31087
0 2 203 2 10379 -10346
0 2 204 2 31094 10369
0 2 205 2 31107 -10363
0 2 206 2 10384 -10319
0 2 207 2 -31072 -10370
0 2 208 2 -10385 31081
0 2 209 2 -10383 31067
0 2 210 2 -31067 10357
0 2 211 2 -31101 -10383
0 2 212 2 -10349 -10400
0 2 213 2 10354 31067
0 2 214 2 -31087 -10382
0 2 215 2 31112 -31082
0 2 216 2 -10323 -10384
0 2 217 2 10340 -10371
0 2 218 2 31115 -10338
0 2 219 2 31122 31099
0 2 220 2 10283 10398
0 2 221 2 31097 -10385
0 2 222 2 31092 10347
0 2 223 2 32779 11
0 2 224 2 10361 31126
0 2 225 2 -31116 31042
0 2 226 2 10373 -10337
0 2 227 2 31111 -10348
0 2 228 2 -10358 -31080
0 2 229 2 31083 10356
0 2 230 2 10374 -31094
0 2 231 2 10386 -10343
0 2 232 2 -31070 -10372
0 2 233 2 -10337 -31087
0 2 234 2 10363 10375
0 2 235 2 31079 -10347
0 2 236 2 -10349 10360
0 2 237 2 -31096 10360
0 2 238 2 -31080 10360
0 2 239 2 31087 31069
0 2 240 2 -31086 -10336
0 2 241 2 -10395 31106
0 2 242 2 -10378 31081
0 2 243 2 -31070 -31107
0 2 244 2 -10338 -10368
0 2 245 2 -10396 10356
0 2 246 2 31112 -31065
0 2 247 2 -10346 -10357
0 2 248 2 31048 10388
0 2 249 2 -31092 31066
0 2 250 2 -31094 31067
0 2 251 2 -31094 -10390
0 2 252 2 -10374 -31092
0 2 253 2 -10371 31086
0 2 254 2 31069 -31065
0 2 255 2 32753 23
0 3 0 2 -474 60
0 3 1 2 32753 34
0 3 2 2 31086 10385
0 3 3 2 31104 31092
0 3 4 2 31094 -31070
0 3 5 2 -31106 10350
0 3 6 2 31094 -31064
0 3 7 2 -10357 -10399
0 3 8 2 -31077 31060
0 3 9 2 -31087 -31065
0 3 10 2 -10370 10350
0 3 11 2 -10366 -31110
0 3 12 2 31093 31093
0 3 13 2 -31065 -31100
0 3 14 2 31068 -31071
0 3 15 2 -10329 10343
0 3 16 2 10375 -31093
0 3 17 2 10375 10393
0 3 18 2 31102 -31048
0 3 19 2 10338 -10402
0 3 20 2 10332 31088
0 3 21 2 31111 -10331
0 3 22 2 10374 31101
0 3 23 2 31138 -10334
0 3 24 2 31080 31111
0 3 25 2 31091 -31083
0 3 26 2 -31088 -10350
0 3 27 2 -31063 -10363
0 3 28 2 -31071 -10371
0 3 29 2 10341 -10351
0 3 30 2 10351 -10364
0 3 31 2 -31095 31076
0 3 32 2 31067 10397
0 3 33 2 32768 17
0 3 34 2 31098 10367
0 3 35 2 -31067 -31088
0 3 36 2 31037 31115
0 3 37 2 31067 10375
0 3 38 2 -10341 -31095
0 3 39 2 -31036 -31056
0 3 40 2 31074 -31092
0 3 41 2 -10380 -10372
0 3 42 2 31116 -31065
0 3 43 2 31093 10377
0 3 44 2 -31055 -31103
0 3 45 2 -31054 -31133
0 3 46 2 10373 -10396
0 3 47 2 -10357 -10367
0 3 48 2 31111 10392
0 3 49 2 31084 -31058
0 3 50 2 10375 -10369
0 3 51 2 -31109 -10365
0 3 52 2 -31105 -10348
0 3 53 2 10359 10357
0 3 54 2 10351 -10356
0 3 55 2 10358 -31105
0 3 56 2 10329 31080
0 3 57 2 -10353 31073
0 3 58 2 10356 31064
0 3 59 2 31077 -10381
0 3 60 2 -31090 -10388
0 3 61 2 10359 31093
0 3 62 2 31067 10349
0 3 63 2 -31079 -31092
0 3 64 2 10353 10363
0 3 65 2 32793 11
0 3 66 2 -31094 -10372
0 3 67 2 10349 10369
0 3 68 2 -10336 10370
0 3 69 2 -10344 -31099
0 3 70 2 10369 10410
0 3 71 2 31083 10344
0 3 72 2 31081 31101
0 3 73 2 -31071 -31076
0 3 74 2 31106 -10342
0 3 75 2 -31098 31091
0 3 76 2 -10358 31060
0 3 77 2 31094 10361
0 3 78 2 -31106 31064
0 3 79 2 -31089 10386
0 3 80 2 -31084 -10356
0 3 81 2 10389 10379
0 3 82 2 31102 10387
0 3 83 2 -10352 31105
0 3 84 2 10366 31103
0 3 85 2 31087 31090
0 3 86 2 31071 -10328
0 3 87 2 10297 31066
0 3 88 2 -10333 -10325
0 3 89 2 31078 31077
0 3 90 2 -10347 31073
0 3 91 2 31049 10376
0 3 92 2 -31083 10328
0 3 93 2 31100 -10376
0 3 94 2 -10345 -10385
0 3 95 2 10391 -31088
0 3 96 2 31070 -10377
0 3 97 2 32791 6
0 3 98 2 31062 10401
0 3 99 2 31069 10370
0 3 100 2 -31102 10394
0 3 101 2 10386 31082
0 3 102 2 -10351 -31083
0 3 103 2 31100 -10373
0 3 104 2 -10341 -31090
0 3 105 2 -10337 -31099
0 3 106 2 -10359 31057
0 3 107 2 31059 10366
0 3 108 2 -31105 10348
0 3 109 2 -10333 -10390
0 3 110 2 -31090 -10358
0 3 111 2 10337 -31098
0 3 112 2 31064 31107
0 3 113 2 -7 2
0 3 114 2 1 -1
0 3 115 2 33 -11
0 3 116 2 -10 -3
0 3 117 2 6 -39
0 3 118 2 -10 -13
0 3 119 2 -11 -16
0 3 120 2 19 11
0 3 121 2 -6 12
0 3 122 2 6 32
0 3 123 2 6 -9
0 3 124 2 7 8
0 3 125 2 -35 -24
0 3 126 2 18 5
0 3 127 2 22 -17
0 3 128 2 20 -20
0 3 129 2 -29 -21
0 3 130 2 -7 -8
0 3 131 2 0 10
0 3 132 2 7 -13
0 3 133 2 -30 -9
0 3 134 2 -30 5
0 3 135 2 17 -10
0 3 136 2 7 -35
0 3 137 2 -7 0
0 3 138 2 4 -35
0 3 139 2 -3 3
0 3 140 2 4 11
0 3 141 2 15 -26
0 3 142 2 -11 30
0 3 143 2 25 8
0 3 144 2 -31060 -10395
0 3 145 2 31084 10380
0 3 146 2 31085 -10390
0 3 147 2 -10359 -31095
0 3 148 2 31087 10364
0 3 149 2 31075 -31100
0 3 150 2 31094 -31104
0 3 151 2 31104 -10377
0 3 152 2 -31091 -31102
0 3 153 2 -31100 -10368
0 3 154 2 31101 -31074
0 3 155 2 -31030 -31118
0 3 156 2 -31105 31092
0 3 157 2 10333 31112
0 3 158 2 10376 10370
0 3 159 2 32763 33
0 3 160 2 -10331 31060
0 3 161 2 -10398 10389
0 3 162 2 -31066 -31066
0 3 163 2 -31093 -31095
0 3 164 2 10366 -10351
0 3 165 2 -31077 10365
0 3 166 2 -10363 31045
0 3 167 2 -10333 10366
0 3 168 2 31108 10362
0 3 169 2 -10344 31084
0 3 170 2 31051 31097
0 3 171 2 -10365 10368
0 3 172 2 10359 31081
0 3 173 2 -10327 -10372
0 3 174 2 -10340 10374
0 3 175 2 -10333 31091
0 3 176 2 -10351 -31095
0 3 177 2 -10359 10406
0 3 178 2 -31095 10350
0 3 179 2 10363 31074
0 3 180 2 -10346 -10344
0 3 181 2 -10378 31034
0 3 182 2 -10361 10355
0 3 183 2 10399 -31066
0 3 184 2 -10371 10361
0 3 185 2 31093 -31088
0 3 186 2 -31084 -31054
0 3 187 2 31083 -31085
0 3 188 2 31056 -10331
0 3 189 2 -31095 10378
0 3 190 2 -10364 -31091
0 3 191 2 32779 14
0 3 192 2 31093 10325
0 3 193 2 -31060 -31109
0 3 194 2 10379 -31075
0 3 195 2 31058 -10369
0 3 196 2 -31073 31053
0 3 197 2 -10386 -10366
0 3 198 2 -31130 -10386
0 3 199 2 -31091 31077
0 3 200 2 10360 31102
0 3 201 2 -31093 10339
0 3 202 2 10336 -31077
0 3 203 2 -31086 10336
0 3 204 2 -31064 31042
0 3 205 2 10376 -31065
0 3 206 2 -31058 -31125
0 3 207 2 -10334 -31106
0 3 208 2 -31090 10402
0 3 209 2 -31086 -31091
0 3 210 2 10354 -10382
0 3 211 2 10375 -10372
0 3 212 2 -10411 -10368
0 3 213 2 31098 -31095
0 3 214 2 10367 -10349
0 3 215 2 -31020 -31077
0 3 216 2 31089 10340
0 3 217 2 -31096 31057
0 3 218 2 -10362 -31075
0 3 219 2 10377 -10339
0 3 220 2 10378 -31043
0 3 221 2 31074 10374
0 3 222 2 -31088 -10355
0 3 223 2 32749 9
0 3 224 2 -10342 -31088
0 3 225 2 10354 31136
0 3 226 2 10363 -10334
0 3 227 2 -10363 10345
0 3 228 2 -31097 -10359
0 3 229 2 10395 -31097
0 3 230 2 -10388 -31104
0 3 231 2 31052 -31086
0 3 232 2 31089 31103
0 3 233 2 31066 -10344
0 3 234 2 31090 -10367
0 3 235 2 31101 10367
0 3 236 2 31084 -10378
0 3 237 2 31042 31078
0 3 238 2 10335 -31087
0 3 239 2 -31079 -31108
0 3 240 2 -31085 10383
0 3 241 2 -10390 31098
0 3 242 2 10359 -31049
0 3 243 2 10365 10362
0 3 244 2 31095 -10375
0 3 245 2 31093 -31076
0 3 246 2 -31085 -10381
0 3 247 2 -10340 -31099
0 3 248 2 -10362 10394
0 3 249 2 -31128 31078
0 3 250 2 -31103 31079
0 3 251 2 -31092 10386
0 3 252 2 -10335 -10386
0 3 253 2 -31092 31064
0 3 254 2 31089 -10374
0 3 255 2 32735 35
