0 1 0 1 1 0 0 0 0 0 0
0 1 1 1 1 0 0 0 0 0 0
0 1 2 1 1 -1 0 0 0 0 0
0 1 3 1 1 -1 0 0 0 0 0
0 1 4 1 1 -1 0 0 0 0 0
0 1 5 1 1 0 0 0 0 0 0
0 1 6 1 1 0 0 0 0 0 0
0 1 7 1 1 0 0 0 0 0 0
0 1 8 1 1 0 0 0 0 0 0
0 1 9 1 1 0 0 0 0 0 0
0 1 10 1 1 -1 0 0 0 0 0
0 1 11 1 1 0 0 0 0 0 0
0 1 12 1 1 0 0 0 0 0 0
0 1 13 1 1 -1 0 0 0 0 0
0 1 14 1 1 0 0 0 0 0 0
0 1 15 1 1 0 0 0 0 0 0
0 1 16 1 1 -1 0 0 0 0 0
0 1 17 1 1 0 0 0 0 0 0
0 1 18 1 1 -1 0 0 0 0 0
0 1 19 1 1 -1 0 0 0 0 0
0 1 20 1 1 -1 0 0 0 0 0
0 1 21 1 1 -1 0 0 0 0 0
0 1 22 1 1 0 0 0 0 0 0
0 1 23 1 1 -1 0 0 0 0 0
0 1 24 1 1 0 0 0 0 0 0
0 1 25 1 1 -1 0 0 0 0 0
0 1 26 1 1 -1 0 0 0 0 0
0 1 27 1 1 0 0 0 0 0 0
0 1 28 1 1 0 0 0 0 0 0
0 1 29 1 1 -1 0 0 0 0 0
0 1 30 1 1 0 0 0 0 0 0
0 1 31 1 1 -1 0 0 0 0 0
0 1 32 1 1 0 0 0 0 0 0
0 1 33 1 1 0 0 0 0 0 0
0 1 34 1 1 -1 0 0 0 0 0
0 1 35 1 1 -1 0 0 0 0 0
0 1 36 1 1 0 0 0 0 0 0
0 1 37 1 1 0 0 0 0 0 0
0 1 38 1 1 0 0 0 0 0 0
0 1 39 1 1 -1 0 0 0 0 0
0 1 40 1 1 0 0 0 0 0 0
0 1 41 1 1 0 0 0 0 0 0
0 1 42 1 1 0 0 0 0 0 0
0 1 43 1 1 0 0 0 0 0 0
0 1 44 1 1 -1 0 0 0 0 0
0 1 45 1 1 -1 0 0 0 0 0
0 1 46 1 1 -1 0 0 0 0 0
0 1 47 1 1 -1 0 0 0 0 0
0 1 48 1 1 -1 0 0 0 0 0
0 1 49 1 1 -1 0 0 0 0 0
0 1 50 1 1 0 0 0 0 0 0
0 1 51 1 1 -1 0 0 0 0 0
0 1 52 1 1 -1 0 0 0 0 0
0 1 53 1 1 0 0 0 0 0 0
0 1 54 1 1 -1 0 0 0 0 0
0 1 55 1 1 0 0 0 0 0 0
0 1 56 1 1 0 0 0 0 0 0
0 1 57 1 1 -1 0 0 0 0 0
0 1 58 1 1 -1 0 0 0 0 0
0 1 59 1 1 -1 0 0 0 0 0
0 1 60 1 1 0 0 0 0 0 0
0 1 61 1 1 0 0 0 0 0 0
0 1 62 1 1 0 0 0 0 0 0
0 1 63 1 1 0 0 0 0 0 0
0 1 64 1 1 -1 0 0 0 0 0
0 1 65 1 1 0 0 0 0 0 0
0 1 66 1 1 0 0 0 0 0 0
0 1 67 1 1 0 0 0 0 0 0
0 1 68 1 1 0 0 0 0 0 0
0 1 69 1 1 -1 0 0 0 0 0
0 1 70 1 1 -1 0 0 0 0 0
0 1 71 1 1 -1 0 0 0 0 0
0 1 72 1 1 -1 0 0 0 0 0
0 1 73 1 1 -1 0 0 0 0 0
0 1 74 1 1 0 0 0 0 0 0
0 1 75 1 1 -1 0 0 0 0 0
0 1 76 1 1 -1 0 0 0 0 0
0 1 77 1 1 0 0 0 0 0 0
0 1 78 1 1 -1 0 0 0 0 0
0 1 79 1 1 -1 0 0 0 0 0
0 1 80 1 1 0 0 0 0 0 0
0 1 81 1 1 -1 0 0 0 0 0
0 1 82 1 1 0 0 0 0 0 0
0 1 83 1 1 0 0 0 0 0 0
0 1 84 1 1 0 0 0 0 0 0
0 1 85 1 1 0 0 0 0 0 0
0 1 86 1 1 0 0 0 0 0 0
0 1 87 1 1 -1 0 0 0 0 0
0 1 88 1 1 -1 0 0 0 0 0
0 1 89 1 1 0 0 0 0 0 0
0 1 90 1 1 0 0 0 0 0 0
0 1 91 1 1 0 0 0 0 0 0
0 1 92 1 1 -1 0 0 0 0 0
0 1 93 1 1 -1 0 0 0 0 0
0 1 94 1 1 0 0 0 0 0 0
0 1 95 1 1 -1 0 0 0 0 0
0 1 96 1 1 -1 0 0 0 0 0
0 1 97 1 1 -1 0 0 0 0 0
0 1 98 1 1 -1 0 0 0 0 0
0 1 99 1 1 0 0 0 0 0 0
0 1 100 1 1 -1 0 0 0 0 0
0 1 101 1 1 0 0 0 0 0 0
0 1 102 1 1 0 0 0 0 0 0
0 1 103 1 1 0 0 0 0 0 0
0 1 104 1 1 0 0 0 0 0 0
0 1 105 1 1 0 0 0 0 0 0
0 1 106 1 1 0 0 0 0 0 0
0 1 107 1 1 0 0 0 0 0 0
0 1 108 1 1 -1 0 0 0 0 0
0 1 109 1 1 -1 0 0 0 0 0
0 1 110 1 1 0 0 0 0 0 0
0 1 111 1 1 -1 0 0 0 0 0
0 1 112 1 1 -1 0 0 0 0 0
0 1 113 1 1 0 0 0 0 0 0
0 1 114 1 1 -1 0 0 0 0 0
0 1 115 1 1 0 0 0 0 0 0
0 1 116 1 1 -1 0 0 0 0 0
0 1 117 1 1 0 0 0 0 0 0
0 1 118 1 1 -1 0 0 0 0 0
0 1 119 1 1 0 0 0 0 0 0
0 1 120 1 1 0 0 0 0 0 0
0 1 121 1 1 0 0 0 0 0 0
0 1 122 1 1 -1 0 0 0 0 0
0 1 123 1 1 0 0 0 0 0 0
0 1 124 1 1 0 0 0 0 0 0
0 1 125 1 1 -1 0 0 0 0 0
0 1 126 1 1 0 0 0 0 0 0
0 1 127 1 1 0 0 0 0 0 0
0 1 128 1 1 -1 0 0 0 0 0
0 1 129 1 1 -1 0 0 0 0 0
0 1 130 1 1 0 0 0 0 0 0
0 1 131 1 1 0 0 0 0 0 0
0 1 132 1 1 0 0 0 0 0 0
0 1 133 1 1 0 0 0 0 0 0
0 1 134 1 1 0 0 0 0 0 0
0 1 135 1 1 -1 0 0 0 0 0
0 1 136 1 1 -1 0 0 0 0 0
0 1 137 1 1 -1 0 0 0 0 0
0 1 138 1 1 0 0 0 0 0 0
0 1 139 1 1 0 0 0 0 0 0
0 1 140 1 1 0 0 0 0 0 0
0 1 141 1 1 0 0 0 0 0 0
0 1 142 1 1 0 0 0 0 0 0
0 1 143 1 1 -1 0 0 0 0 0
0 1 144 1 1 -1 0 0 0 0 0
0 1 145 1 1 0 0 0 0 0 0
0 1 146 1 1 0 0 0 0 0 0
0 1 147 1 1 0 0 0 0 0 0
0 1 148 1 1 0 0 0 0 0 0
0 1 149 1 1 0 0 0 0 0 0
0 1 150 1 1 0 0 0 0 0 0
0 1 151 1 1 -1 0 0 0 0 0
0 1 152 1 1 0 0 0 0 0 0
0 1 153 1 1 -1 0 0 0 0 0
0 1 154 1 1 0 0 0 0 0 0
0 1 155 1 1 -1 0 0 0 0 0
0 1 156 1 1 -1 0 0 0 0 0
0 1 157 1 1 0 0 0 0 0 0
0 1 158 1 1 0 0 0 0 0 0
0 1 159 1 1 0 0 0 0 0 0
0 1 160 1 1 -1 0 0 0 0 0
0 1 161 1 1 -1 0 0 0 0 0
0 1 162 1 1 0 0 0 0 0 0
0 1 163 1 1 -1 0 0 0 0 0
0 1 164 1 1 0 0 0 0 0 0
0 1 165 1 1 -1 0 0 0 0 0
0 1 166 1 1 0 0 0 0 0 0
0 1 167 1 1 0 0 0 0 0 0
0 1 168 1 1 0 0 0 0 0 0
0 1 169 1 1 0 0 0 0 0 0
0 1 170 1 1 -1 0 0 0 0 0
0 1 171 1 1 -1 0 0 0 0 0
0 1 172 1 1 -1 0 0 0 0 0
0 1 173 1 1 0 0 0 0 0 0
0 1 174 1 1 0 0 0 0 0 0
0 1 175 1 1 0 0 0 0 0 0
0 1 176 1 1 -1 0 0 0 0 0
0 1 177 1 1 -1 0 0 0 0 0
0 1 178 1 1 -1 0 0 0 0 0
0 1 179 1 1 -1 0 0 0 0 0
0 1 180 1 1 0 0 0 0 0 0
0 1 181 1 1 -1 0 0 0 0 0
0 1 182 1 1 -1 0 0 0 0 0
0 1 183 1 1 -1 0 0 0 0 0
0 1 184 1 1 0 0 0 0 0 0
0 1 185 1 1 0 0 0 0 0 0
0 1 186 1 1 0 0 0 0 0 0
0 1 187 1 1 0 0 0 0 0 0
0 1 188 1 1 -1 0 0 0 0 0
0 1 189 1 1 -1 0 0 0 0 0
0 1 190 1 1 -1 0 0 0 0 0
0 1 191 1 1 0 0 0 0 0 0
0 1 192 1 1 0 0 0 0 0 0
0 1 193 1 1 0 0 0 0 0 0
0 1 194 1 1 -1 0 0 0 0 0
0 1 195 1 1 0 0 0 0 0 0
0 1 196 1 1 0 0 0 0 0 0
0 1 197 1 1 -1 0 0 0 0 0
0 1 198 1 1 -1 0 0 0 0 0
0 1 199 1 1 0 0 0 0 0 0
0 1 200 1 1 0 0 0 0 0 0
0 1 201 1 1 -1 0 0 0 0 0
0 1 202 1 1 0 0 0 0 0 0
0 1 203 1 1 -1 0 0 0 0 0
0 1 204 1 1 0 0 0 0 0 0
0 1 205 1 1 -1 0 0 0 0 0
0 1 206 1 1 0 0 0 0 0 0
0 1 207 1 1 -1 0 0 0 0 0
0 1 208 1 1 0 0 0 0 0 0
0 1 209 1 1 0 0 0 0 0 0
0 1 210 1 1 -1 0 0 0 0 0
0 1 211 1 1 -1 0 0 0 0 0
0 1 212 1 1 -1 0 0 0 0 0
0 1 213 1 1 0 0 0 0 0 0
0 1 214 1 1 0 0 0 0 0 0
0 1 215 1 1 -1 0 0 0 0 0
0 2 0 3 4 -1 -1 -1 0 0 0
0 2 1 3 4 -1 0 -1 0 0 0
0 2 2 3 4 0 0 -1 0 0 0
0 2 3 3 4 -1 0 0 -1 0 0
0 2 4 3 4 0 0 0 -1 0 0
0 2 5 3 4 -1 -1 0 -1 0 0
0 2 6 3 4 0 -1 -1 -1 0 0
0 2 7 3 4 -1 0 -1 0 0 0
0 2 8 3 4 -1 0 -1 -1 0 0
0 2 9 3 4 -1 0 -1 0 0 0
0 2 10 3 4 0 -1 0 0 0 0
0 2 11 3 4 0 0 0 0 0 0
0 2 12 3 4 -1 -1 -1 0 0 0
0 2 13 3 4 0 0 -1 -1 0 0
0 2 14 3 4 0 0 -1 -1 0 0
0 2 15 3 4 0 -1 -1 0 0 0
0 2 16 3 4 -1 -1 0 0 0 0
0 2 17 3 4 -1 0 0 -1 0 0
0 2 18 3 4 0 -1 -1 0 0 0
0 2 19 3 4 0 -1 -1 -1 0 0
0 2 20 3 4 -1 0 -1 0 0 0
0 2 21 3 4 0 -1 -1 0 0 0
0 2 22 3 4 0 -1 -1 -1 0 0
0 2 23 3 4 0 0 -1 -1 0 0
0 2 24 3 4 -1 0 -1 0 0 0
0 2 25 3 4 -1 0 0 0 0 0
0 2 26 3 4 0 -1 0 0 0 0
0 2 27 3 4 0 0 -1 -1 0 0
0 2 28 3 4 0 -1 -1 0 0 0
0 2 29 3 4 0 0 -1 0 0 0
0 2 30 3 4 -1 -1 -1 0 0 0
0 2 31 3 4 -1 0 0 -1 0 0
0 2 32 3 4 -1 0 -1 0 0 0
0 2 33 3 4 0 -1 -1 0 0 0
0 2 34 3 4 0 -1 -1 0 0 0
0 2 35 3 4 0 0 -1 -1 0 0
0 2 36 3 4 0 0 0 -1 0 0
0 2 37 3 4 -1 0 0 0 0 0
0 2 38 3 4 0 0 -1 -1 0 0
0 2 39 3 4 -1 0 0 0 0 0
0 2 40 3 4 -1 0 -1 -1 0 0
0 2 41 3 4 -1 0 0 0 0 0
0 2 42 3 4 0 0 0 -1 0 0
0 2 43 3 4 0 -1 -1 -1 0 0
0 2 44 3 4 -1 0 -1 0 0 0
0 2 45 3 4 0 -1 -1 0 0 0
0 2 46 3 4 -1 0 0 -1 0 0
0 2 47 3 4 0 -1 0 0 0 0
0 2 48 3 4 -1 0 -1 -1 0 0
0 2 49 3 4 -1 -1 0 0 0 0
0 2 50 3 4 -1 -1 -1 0 0 0
0 2 51 3 4 -1 0 0 0 0 0
0 2 52 3 4 0 -1 0 -1 0 0
0 2 53 3 4 0 -1 -1 -1 0 0
0 2 54 3 4 -1 -1 0 0 0 0
0 2 55 3 4 -1 0 -1 0 0 0
0 2 56 3 4 -1 0 0 -1 0 0
0 2 57 3 4 0 0 -1 -1 0 0
0 2 58 3 4 -1 -1 -1 0 0 0
0 2 59 3 4 -1 0 0 0 0 0
0 2 60 3 4 0 0 -1 0 0 0
0 2 61 3 4 0 0 -1 0 0 0
0 2 62 3 4 -1 0 -1 -1 0 0
0 2 63 3 4 -1 -1 -1 -1 0 0
0 2 64 3 4 0 0 0 -1 0 0
0 2 65 3 4 0 0 -1 0 0 0
0 2 66 3 4 0 -1 0 -1 0 0
0 2 67 3 4 -1 -1 -1 -1 0 0
0 2 68 3 4 0 -1 0 -1 0 0
0 2 69 3 4 0 0 -1 0 0 0
0 2 70 3 4 0 0 -1 -1 0 0
0 2 71 3 4 -1 -1 0 -1 0 0
0 2 72 3 4 0 0 -1 0 0 0
0 2 73 3 4 -1 0 -1 0 0 0
0 2 74 3 4 -1 0 0 0 0 0
0 2 75 3 4 -1 -1 -1 -1 0 0
0 2 76 3 4 0 -1 -1 0 0 0
0 2 77 3 4 0 0 0 0 0 0
0 2 78 3 4 0 -1 -1 -1 0 0
0 2 79 3 4 0 0 -1 -1 0 0
0 2 80 3 4 0 0 -1 0 0 0
0 2 81 3 4 -1 0 0 -1 0 0
0 2 82 3 4 -1 -1 0 -1 0 0
0 2 83 3 4 0 0 0 0 0 0
0 2 84 3 4 -1 0 -1 -1 0 0
0 2 85 3 4 -1 -1 0 -1 0 0
0 2 86 3 4 0 -1 0 0 0 0
0 2 87 3 4 0 -1 0 -1 0 0
0 2 88 3 4 -1 -1 -1 -1 0 0
0 2 89 3 4 0 0 -1 -1 0 0
0 2 90 3 4 -1 0 0 -1 0 0
0 2 91 3 4 -1 0 -1 -1 0 0
0 2 92 3 4 -1 -1 -1 0 0 0
0 2 93 3 4 -1 -1 0 0 0 0
0 2 94 3 4 -1 0 -1 0 0 0
0 2 95 3 4 0 -1 0 -1 0 0
0 2 96 3 4 0 0 0 0 0 0
0 2 97 3 4 0 -1 -1 0 0 0
0 2 98 3 4 -1 0 0 -1 0 0
0 2 99 3 4 -1 -1 -1 -1 0 0
0 2 100 3 4 0 0 -1 -1 0 0
0 2 101 3 4 -1 0 0 -1 0 0
0 2 102 3 4 0 -1 -1 0 0 0
0 2 103 3 4 -1 -1 0 -1 0 0
0 2 104 3 4 0 0 -1 0 0 0
0 2 105 3 4 0 -1 0 -1 0 0
0 2 106 3 4 -1 -1 0 0 0 0
0 2 107 3 4 -1 -1 -1 -1 0 0
0 2 108 3 4 0 -1 -1 -1 0 0
0 2 109 3 4 -1 0 -1 0 0 0
0 2 110 3 4 -1 0 -1 0 0 0
0 2 111 3 4 0 -1 0 0 0 0
0 2 112 3 4 -1 0 0 0 0 0
0 2 113 3 4 0 0 -1 0 0 0
0 2 114 3 4 0 -1 0 0 0 0
0 2 115 3 4 -1 -1 0 -1 0 0
0 2 116 3 4 -1 0 -1 0 0 0
0 2 117 3 4 0 -1 -1 0 0 0
0 2 118 3 4 0 0 0 -1 0 0
0 2 119 3 4 -1 0 -1 -1 0 0
0 2 120 3 4 0 -1 0 -1 0 0
0 2 121 3 4 -1 -1 0 -1 0 0
0 2 122 3 4 0 0 -1 -1 0 0
0 2 123 3 4 0 0 0 -1 0 0
0 2 124 3 4 0 -1 -1 0 0 0
0 2 125 3 4 -1 0 0 -1 0 0
0 2 126 3 4 -1 0 -1 0 0 0
0 2 127 3 4 -1 -1 0 0 0 0
0 2 128 3 4 -1 -1 0 -1 0 0
0 2 129 3 4 -1 0 -1 0 0 0
0 2 130 3 4 -1 -1 0 0 0 0
0 2 131 3 4 0 -1 0 0 0 0
0 2 132 3 4 -1 0 -1 -1 0 0
0 2 133 3 4 0 0 -1 -1 0 0
0 2 134 3 4 0 -1 -1 -1 0 0
0 2 135 3 4 -1 0 -1 -1 0 0
0 2 136 3 4 -1 0 -1 0 0 0
0 2 137 3 4 -1 -1 0 0 0 0
0 2 138 3 4 0 0 -1 0 0 0
0 2 139 3 4 0 0 0 0 0 0
0 2 140 3 4 0 -1 0 -1 0 0
0 2 141 3 4 0 0 -1 -1 0 0
0 2 142 3 4 -1 0 0 -1 0 0
0 2 143 3 4 0 0 0 0 0 0
0 2 144 3 4 0 -1 -1 0 0 0
0 2 145 3 4 0 -1 0 0 0 0
0 2 146 3 4 -1 -1 0 0 0 0
0 2 147 3 4 -1 -1 -1 0 0 0
0 2 148 3 4 0 0 0 -1 0 0
0 2 149 3 4 0 -1 -1 -1 0 0
0 2 150 3 4 0 0 0 -1 0 0
0 2 151 3 4 0 0 -1 -1 0 0
0 2 152 3 4 -1 -1 0 0 0 0
0 2 153 3 4 -1 0 -1 -1 0 0
0 2 154 3 4 -1 -1 -1 0 0 0
0 2 155 3 4 0 0 0 0 0 0
0 2 156 3 4 -1 0 0 -1 0 0
0 2 157 3 4 -1 -1 -1 0 0 0
0 2 158 3 4 0 -1 0 -1 0 0
0 2 159 3 4 -1 0 -1 0 0 0
0 2 160 3 4 0 -1 -1 -1 0 0
0 2 161 3 4 0 -1 0 -1 0 0
0 2 162 3 4 -1 -1 -1 -1 0 0
0 2 163 3 4 -1 0 -1 0 0 0
0 2 164 3 4 0 -1 -1 0 0 0
0 2 165 3 4 -1 -1 0 -1 0 0
0 2 166 3 4 -1 0 -1 -1 0 0
0 2 167 3 4 -1 0 0 -1 0 0
0 2 168 3 4 -1 -1 0 -1 0 0
0 2 169 3 4 0 0 0 -1 0 0
0 2 170 3 4 0 -1 -1 0 0 0
0 2 171 3 4 0 -1 -1 0 0 0
0 2 172 3 4 0 0 -1 -1 0 0
0 2 173 3 4 0 0 0 -1 0 0
0 2 174 3 4 0 -1 0 -1 0 0
0 2 175 3 4 -1 -1 -1 0 0 0
0 2 176 3 4 0 0 0 -1 0 0
0 2 177 3 4 -1 0 0 0 0 0
0 2 178 3 4 0 -1 0 -1 0 0
0 2 179 3 4 -1 -1 0 -1 0 0
0 2 180 3 4 -1 0 0 -1 0 0
0 2 181 3 4 -1 0 -1 0 0 0
0 2 182 3 4 -1 -1 -1 -1 0 0
0 2 183 3 4 -1 0 0 -1 0 0
0 2 184 3 4 -1 0 -1 -1 0 0
0 2 185 3 4 -1 -1 -1 0 0 0
0 2 186 3 4 0 0 -1 0 0 0
0 2 187 3 4 -1 -1 0 -1 0 0
0 2 188 3 4 -1 0 0 -1 0 0
0 2 189 3 4 0 -1 0 0 0 0
0 2 190 3 4 -1 0 -1 -1 0 0
0 2 191 3 4 -1 -1 0 0 0 0
0 2 192 3 4 -1 -1 0 -1 0 0
0 2 193 3 4 0 0 0 -1 0 0
0 2 194 3 4 0 -1 0 0 0 0
0 2 195 3 4 -1 -1 -1 -1 0 0
0 2 196 3 4 -1 0 0 -1 0 0
0 2 197 3 4 0 -1 -1 -1 0 0
0 2 198 3 4 0 0 -1 -1 0 0
0 2 199 3 4 0 0 -1 -1 0 0
0 2 200 3 4 -1 0 -1 0 0 0
0 2 201 3 4 0 0 0 -1 0 0
0 2 202 3 4 0 -1 -1 0 0 0
0 2 203 3 4 0 -1 -1 0 0 0
0 2 204 3 4 0 0 0 0 0 0
0 2 205 3 4 0 -1 0 -1 0 0
0 2 206 3 4 0 -1 -1 -1 0 0
0 2 207 3 4 -1 0 0 0 0 0
0 2 208 3 4 0 -1 0 -1 0 0
0 2 209 3 4 -1 0 -1 -1 0 0
0 2 210 3 4 0 0 -1 0 0 0
0 2 211 3 4 0 0 -1 0 0 0
0 2 212 3 4 0 0 0 -1 0 0
0 2 213 3 4 0 -1 0 0 0 0
0 2 214 3 4 0 -1 -1 0 0 0
0 2 215 3 4 -1 0 0 0 0 0
0 3 0 3 4 -1 0 -1 -1 0 0
0 3 1 3 4 -1 0 -1 0 0 0
0 3 2 3 4 -1 0 0 0 0 0
0 3 3 3 4 0 0 -1 -1 0 0
0 3 4 3 4 -1 0 0 0 0 0
0 3 5 3 4 0 -1 0 -1 0 0
0 3 6 3 4 0 0 -1 0 0 0
0 3 7 3 4 0 0 0 0 0 0
0 3 8 3 4 0 -1 -1 -1 0 0
0 3 9 3 4 0 -1 0 0 0 0
0 3 10 3 4 -1 0 -1 0 0 0
0 3 11 3 4 0 0 0 0 0 0
0 3 12 3 4 -1 0 0 0 0 0
0 3 13 3 4 0 -1 -1 -1 0 0
0 3 14 3 4 -1 -1 0 0 0 0
0 3 15 3 4 -1 -1 -1 -1 0 0
0 3 16 3 4 -1 0 0 0 0 0
0 3 17 3 4 -1 -1 0 -1 0 0
0 3 18 3 4 -1 -1 -1 0 0 0
0 3 19 3 4 -1 0 0 -1 0 0
0 3 20 3 4 -1 -1 -1 0 0 0
0 3 21 3 4 -1 0 0 -1 0 0
0 3 22 3 4 -1 0 -1 0 0 0
0 3 23 3 4 -1 0 0 0 0 0
0 3 24 3 4 0 0 0 -1 0 0
0 3 25 3 4 0 0 0 -1 0 0
0 3 26 3 4 0 0 0 -1 0 0
0 3 27 3 4 -1 -1 0 -1 0 0
0 3 28 3 4 -1 -1 0 -1 0 0
0 3 29 3 4 0 0 -1 0 0 0
0 3 30 3 4 -1 0 -1 -1 0 0
0 3 31 3 4 -1 0 -1 -1 0 0
0 3 32 3 4 0 0 0 0 0 0
0 3 33 3 4 -1 0 -1 0 0 0
0 3 34 3 4 -1 0 -1 -1 0 0
0 3 35 3 4 0 -1 0 0 0 0
0 3 36 3 4 0 0 0 0 0 0
0 3 37 3 4 -1 0 0 0 0 0
0 3 38 3 4 0 -1 0 -1 0 0
0 3 39 3 4 -1 0 0 0 0 0
0 3 40 3 4 -1 0 -1 -1 0 0
0 3 41 3 4 0 0 0 0 0 0
0 3 42 3 4 0 0 0 0 0 0
0 3 43 3 4 -1 -1 0 -1 0 0
0 3 44 3 4 0 -1 0 -1 0 0
0 3 45 3 4 -1 0 -1 -1 0 0
0 3 46 3 4 -1 0 0 0 0 0
0 3 47 3 4 -1 -1 0 -1 0 0
0 3 48 3 4 0 0 0 -1 0 0
0 3 49 3 4 0 0 0 -1 0 0
0 3 50 3 4 -1 -1 -1 -1 0 0
0 3 51 3 4 -1 -1 0 -1 0 0
0 3 52 3 4 -1 -1 0 0 0 0
0 3 53 3 4 -1 -1 -1 0 0 0
0 3 54 3 4 0 -1 -1 0 0 0
0 3 55 3 4 -1 -1 -1 0 0 0
0 3 56 3 4 -1 0 0 -1 0 0
0 3 57 3 4 0 0 0 -1 0 0
0 3 58 3 4 -1 -1 -1 0 0 0
0 3 59 3 4 -1 0 -1 -1 0 0
0 3 60 3 4 0 0 0 0 0 0
0 3 61 3 4 -1 -1 -1 -1 0 0
0 3 62 3 4 0 0 0 -1 0 0
0 3 63 3 4 -1 -1 -1 -1 0 0
0 3 64 3 4 0 -1 -1 -1 0 0
0 3 65 3 4 0 -1 0 0 0 0
0 3 66 3 4 -1 -1 -1 -1 0 0
0 3 67 3 4 -1 0 -1 -1 0 0
0 3 68 3 4 -1 0 -1 0 0 0
0 3 69 3 4 0 0 0 0 0 0
0 3 70 3 4 -1 0 0 -1 0 0
0 3 71 3 4 0 0 -1 0 0 0
0 3 72 3 4 0 -1 -1 0 0 0
0 3 73 3 4 -1 0 -1 -1 0 0
0 3 74 3 4 0 0 -1 0 0 0
0 3 75 3 4 0 0 -1 -1 0 0
0 3 76 3 4 0 0 0 -1 0 0
0 3 77 3 4 -1 -1 -1 -1 0 0
0 3 78 3 4 -1 0 -1 -1 0 0
0 3 79 3 4 0 -1 -1 0 0 0
0 3 80 3 4 -1 -1 -1 0 0 0
0 3 81 3 4 -1 0 -1 0 0 0
0 3 82 3 4 -1 0 0 -1 0 0
0 3 83 3 4 -1 -1 -1 0 0 0
0 3 84 3 4 0 -1 0 -1 0 0
0 3 85 3 4 -1 0 -1 0 0 0
0 3 86 3 4 0 -1 -1 0 0 0
0 3 87 3 4 -1 0 -1 -1 0 0
0 3 88 3 4 0 0 -1 -1 0 0
0 3 89 3 4 -1 0 0 -1 0 0
0 3 90 3 4 0 -1 0 -1 0 0
0 3 91 3 4 -1 -1 0 0 0 0
0 3 92 3 4 -1 0 0 -1 0 0
0 3 93 3 4 -1 0 -1 -1 0 0
0 3 94 3 4 -1 0 -1 -1 0 0
0 3 95 3 4 0 0 -1 -1 0 0
0 3 96 3 4 -1 -1 -1 0 0 0
0 3 97 3 4 0 -1 0 0 0 0
0 3 98 3 4 -1 0 0 -1 0 0
0 3 99 3 4 0 -1 0 0 0 0
0 3 100 3 4 0 -1 0 0 0 0
0 3 101 3 4 0 -1 -1 0 0 0
0 3 102 3 4 -1 0 -1 -1 0 0
0 3 103 3 4 0 0 -1 -1 0 0
0 3 104 3 4 0 -1 0 -1 0 0
0 3 105 3 4 0 0 0 -1 0 0
0 3 106 3 4 -1 -1 0 0 0 0
0 3 107 3 4 -1 0 -1 0 0 0
0 3 108 3 4 0 0 0 -1 0 0
0 3 109 3 4 -1 0 -1 -1 0 0
0 3 110 3 4 -1 0 0 -1 0 0
0 3 111 3 4 0 -1 0 0 0 0
0 3 112 3 4 -1 0 -1 -1 0 0
0 3 113 3 4 -1 0 0 0 0 0
0 3 114 3 4 -1 0 0 0 0 0
0 3 115 3 4 -1 0 0 -1 0 0
0 3 116 3 4 0 0 0 0 0 0
0 3 117 3 4 0 0 0 -1 0 0
0 3 118 3 4 -1 0 0 0 0 0
0 3 119 3 4 0 0 0 0 0 0
0 3 120 3 4 0 0 -1 0 0 0
0 3 121 3 4 -1 -1 -1 0 0 0
0 3 122 3 4 -1 -1 -1 -1 0 0
0 3 123 3 4 0 -1 -1 0 0 0
0 3 124 3 4 0 -1 -1 -1 0 0
0 3 125 3 4 0 0 0 0 0 0
0 3 126 3 4 0 0 0 0 0 0
0 3 127 3 4 -1 -1 0 -1 0 0
0 3 128 3 4 0 0 -1 -1 0 0
0 3 129 3 4 0 -1 -1 0 0 0
0 3 130 3 4 0 -1 -1 -1 0 0
0 3 131 3 4 -1 0 -1 -1 0 0
0 3 132 3 4 0 -1 -1 0 0 0
0 3 133 3 4 -1 0 -1 0 0 0
0 3 134 3 4 0 -1 -1 -1 0 0
0 3 135 3 4 -1 -1 -1 0 0 0
0 3 136 3 4 0 -1 0 -1 0 0
0 3 137 3 4 0 -1 -1 -1 0 0
0 3 138 3 4 0 -1 -1 0 0 0
0 3 139 3 4 0 -1 0 0 0 0
0 3 140 3 4 0 -1 -1 -1 0 0
0 3 141 3 4 0 0 -1 -1 0 0
0 3 142 3 4 -1 -1 -1 0 0 0
0 3 143 3 4 0 -1 0 -1 0 0
0 3 144 3 4 0 -1 -1 0 0 0
0 3 145 3 4 0 -1 -1 -1 0 0
0 3 146 3 4 -1 -1 0 0 0 0
0 3 147 3 4 0 -1 -1 -1 0 0
0 3 148 3 4 -1 0 0 0 0 0
0 3 149 3 4 0 0 0 0 0 0
0 3 150 3 4 -1 0 0 0 0 0
0 3 151 3 4 -1 0 0 -1 0 0
0 3 152 3 4 0 0 -1 -1 0 0
0 3 153 3 4 0 -1 0 0 0 0
0 3 154 3 4 -1 0 -1 -1 0 0
0 3 155 3 4 0 0 0 0 0 0
0 3 156 3 4 -1 -1 0 0 0 0
0 3 157 3 4 -1 0 0 -1 0 0
0 3 158 3 4 0 0 -1 0 0 0
0 3 159 3 4 0 -1 0 -1 0 0
0 3 160 3 4 0 0 0 -1 0 0
0 3 161 3 4 0 0 -1 0 0 0
0 3 162 3 4 -1 -1 -1 0 0 0
0 3 163 3 4 0 0 -1 -1 0 0
0 3 164 3 4 -1 -1 0 0 0 0
0 3 165 3 4 0 0 -1 -1 0 0
0 3 166 3 4 0 0 -1 0 0 0
0 3 167 3 4 -1 -1 0 0 0 0
0 3 168 3 4 0 0 0 0 0 0
0 3 169 3 4 0 -1 0 0 0 0
0 3 170 3 4 0 0 -1 -1 0 0
0 3 171 3 4 0 0 0 0 0 0
0 3 172 3 4 -1 -1 0 -1 0 0
0 3 173 3 4 -1 -1 0 -1 0 0
0 3 174 3 4 0 -1 0 -1 0 0
0 3 175 3 4 -1 0 0 0 0 0
0 3 176 3 4 -1 -1 0 -1 0 0
0 3 177 3 4 0 0 0 0 0 0
0 3 178 3 4 -1 0 -1 -1 0 0
0 3 179 3 4 0 0 -1 0 0 0
0 3 180 3 4 0 -1 0 0 0 0
0 3 181 3 4 -1 -1 0 -1 0 0
0 3 182 3 4 -1 -1 0 0 0 0
0 3 183 3 4 -1 0 -1 -1 0 0
0 3 184 3 4 0 0 0 -1 0 0
0 3 185 3 4 0 -1 0 0 0 0
0 3 186 3 4 -1 -1 -1 0 0 0
0 3 187 3 4 -1 -1 0 -1 0 0
0 3 188 3 4 0 -1 -1 -1 0 0
0 3 189 3 4 0 0 0 -1 0 0
0 3 190 3 4 -1 -1 0 0 0 0
0 3 191 3 4 0 -1 0 0 0 0
0 3 192 3 4 -1 0 0 0 0 0
0 3 193 3 4 -1 0 -1 0 0 0
0 3 194 3 4 -1 0 0 -1 0 0
0 3 195 3 4 -1 0 0 -1 0 0
0 3 196 3 4 -1 0 -1 -1 0 0
0 3 197 3 4 -1 0 0 -1 0 0
0 3 198 3 4 -1 0 -1 0 0 0
0 3 199 3 4 -1 -1 0 0 0 0
0 3 200 3 4 0 0 0 0 0 0
0 3 201 3 4 0 0 -1 -1 0 0
0 3 202 3 4 0 -1 -1 0 0 0
0 3 203 3 4 -1 -1 0 0 0 0
0 3 204 3 4 -1 -1 -1 -1 0 0
0 3 205 3 4 -1 0 0 -1 0 0
0 3 206 3 4 -1 0 0 0 0 0
0 3 207 3 4 0 0 0 -1 0 0
0 3 208 3 4 0 -1 0 0 0 0
0 3 209 3 4 0 -1 -1 -1 0 0
0 3 210 3 4 0 0 -1 0 0 0
0 3 211 3 4 0 0 -1 0 0 0
0 3 212 3 4 0 0 -1 -1 0 0
0 3 213 3 4 0 -1 0 -1 0 0
0 3 214 3 4 0 0 -1 0 0 0
0 3 215 3 4 -1 0 0 -1 0 0
