152
192
229
46
183
180
226
155
218
32
45
10
220
111
208
198
188
16
48
179
192
1
180
227
4
169
30
38
91
82
75
161
116
214
89
96
20
103
219
209
47
34
226
34
167
146
205
104
65
19
65
175
11
49
130
234
154
31
115
115
15
10
209
56
175
35
40
62
141
150
239
250
116
53
96
135
114
243
40
22
231
95
132
4
227
143
216
182
180
180
179
42
130
74
237
88
205
133
233
159
212
83
115
47
132
67
4
132
127
19
83
92
238
137
2
84
27
241
97
42
221
149
9
128
68
237
114
190
126
53
58
73
246
124
4
3
147
43
243
110
186
215
186
161
60
24
17
154
154
115
32
228
6
201
236
126
157
207
88
228
52
187
152
159
237
178
233
220
22
79
21
75
172
201
37
21
101
255
39
23
30
58
24
111
21
94
13
126
2
218
129
255
38
43
237
183
57
49
97
251
49
236
7
59
47
209
48
176
182
101
169
59
129
11
202
247
91
147
226
224
42
35
231
167
188
134
140
32
103
210
75
127
47
200
219
44
16
84
177
64
88
142
241
12
114
109
211
211
99
9
85
215
221
58
130
224
216
188
87
132
78
25
151
64
6
50
217
201
46
253
2
116
5
39
158
191
21
170
7
136
93
94
140
143
27
121
159
34
55
7
9
101
26
125
92
206
67
238
158
91
204
95
231
216
247
27
231
229
228
33
81
235
57
28
92
203
10
13
235
150
210
129
201
25
30
218
211
105
85
44
146
46
121
107
210
229
34
28
83
157
7
29
116
2
39
234
245
85
196
144
209
175
119
78
116
97
11
116
132
173
34
40
195
252
9
208
13
111
239
186
191
204
146
247
60
218
167
65
98
177
34
9
98
233
162
228
213
154
14
209
179
53
1
45
237
178
112
50
17
101
89
129
144
161
38
195
121
242
83
56
99
35
50
231
213
133
103
168
199
148
28
190
233
253
128
74
235
173
216
175
190
19
157
146
26
225
112
188
156
18
59
152
252
37
81
221
70
210
90
126
193
230
232
146
221
114
7
81
80
10
132
234
244
39
0
64
43
213
60
160
222
233
75
157
120
235
173
31
33
247
180
21
16
133
114
7
133
176
136
208
255
247
146
15
175
79
24
199
95
207
86
219
62
60
150
207
79
193
188
15
50
99
102
171
163
35
247
65
235
14
2
164
248
48
176
234
91
155
107
137
44
19
166
197
195
221
174
60
29
204
64
55
125
2
48
188
68
192
117
143
15
10
205
90
87
82
207
18
39
1
29
44
151
74
143
82
71
76
49
143
108
105
200
157
87
198
215
190
21
190
145
63
82
17
214
8
85
61
103
160
148
182
206
95
206
150
97
152
23
184
177
4
152
151
189
212
0
125
28
191
184
104
169
109
114
163
239
132
52
45
82
91
245
185
46
144
51
111
188
190
23
15
81
53
108
15
14
45
106
46
139
0
68
115
247
10
220
71
94
33
102
233
64
176
5
219
231
53
205
233
188
219
174
157
199
54
73
145
212
72
202
101
237
217
187
86
149
99
124
59
72
177
72
208
5
74
192
18
227
157
248
64
3
69
95
177
182
38
66
14
239
166
9
17
169
229
82
69
110
222
13
108
161
52
144
171
89
9
67
114
250
121
218
73
219
156
236
174
198
53
110
233
175
233
180
249
21
203
102
52
248
117
92
80
124
251
234
83
159
142
210
102
24
144
163
30
114
137
141
106
20
31
102
24
94
17
201
6
144
71
228
183
106
4
5
11
158
239
3
41
101
234
45
47
231
163
194
24
108
134
75
191
236
136
90
161
117
19
170
113
242
30
102
195
25
132
240
81
7
14
127
255
47
191
247
118
107
10
185
33
1
129
57
76
99
100
127
209
47
2
228
185
119
47
169
215
97
173
135
20
147
110
48
185
222
194
131
235
71
215
127
195
234
167
152
215
101
124
112
224
18
133
138
130
184
177
246
9
9
53
215
120
168
205
168
78
157
6
149
29
6
62
69
58
228
79
105
130
244
57
92
220
206
157
59
38
198
80
224
43
49
216
178
164
45
4
195
205
5
116
162
221
28
197
43
205
95
1
114
11
234
109
41
114
56
32
178
16
213
236
11
13
150
210
217
119
172
249
136
161
130
29
251
149
33
178
254
17
254
78
199
119
141
181
85
107
10
32
87
139
3
22
131
187
132
189
226
107
106
102
53
128
97
57
99
196
21
48
255
171
214
87
250
6
238
124
184
8
246
151
141
31
167
140
113
223
188
110
79
7
16
252
51
210
220
239
147
145
245
248
196
73
90
17
213
103
176
207
31
6
67
235
95
6
141
174
92
65
165
245
157
11
93
60
15
38
167
19
6
162
152
212
229
225
92
175
102
241
120
96
170
232
148
109
185
139
228
144
60
148
145
1
175
253
160
162
214
90
35
62
168
98
181
175
58
63
221
235
167
213
22
87
109
198
56
42
19
113
181
75
15
242
31
11
74
130
52
132
69
29
237
114
247
131
46
251
197
88
216
68
107
128
173
33
190
42
241
187
79
110
149
112
63
241
222
253
99
153
136
91
173
224
33
91
109
34
178
82
217
103
113
3
249
97
74
125
181
211
101
50
209
95
224
222
160
244
104
151
68
36
130
135
216
235
219
67
26
185
46
168
18
139
254
176
48
79
6
58
158
206
135
178
179
32
34
77
0
222
27
164
101
227
34
126
151
186
161
47
234
175
132
238
241
95
75
64
230
172
232
48
69
15
163
100
105
113
237
62
70
194
228
93
91
161
95
173
135
40
191
59
63
155
206
219
109
50
106
184
158
42
1
45
162
179
39
198
25
213
214
100
65
93
174
147
38
146
226
224
27
168
249
205
29
158
100
136
199
229
228
59
54
13
143
47
60
104
44
148
155
149
24
51
156
150
185
153
142
74
185
91
157
111
64
212
254
197
80
131
157
247
214
221
83
46
248
244
62
206
22
147
39
242
254
49
180
70
181
116
91
56
29
62
118
87
60
91
160
48
248
173
27
129
164
152
240
219
14
251
90
213
224
79
64
19
86
156
240
63
29
238
240
93
40
125
48
171
183
118
100
205
182
169
96
3
135
9
253
108
229
231
18
99
220
251
240
171
214
91
66
209
199
152
123
21
27
144
245
207
247
152
72
39
57
234
174
20
187
117
218
240
32
197
6
108
135
247
45
67
16
187
149
231
107
171
4
25
100
252
180
189
213
71
71
208
60
88
178
21
197
214
6
149
24
60
218
71
215
64
15
107
138
81
183
235
188
112
36
64
108
21
175
245
242
90
44
198
214
139
216
178
50
218
128
34
188
4
154
47
59
237
116
136
243
40
135
20
202
83
200
139
233
81
25
63
187
147
119
254
125
20
73
245
207
117
56
19
17
80
225
86
10
4
19
248
130
192
81
146
227
55
149
134
161
228
184
46
35
73
166
45
53
234
87
84
134
152
251
186
167
217
139
126
139
236
220
115
218
115
7
150
153
34
68
121
247
69
130
181
82
219
135
21
49
176
219
148
246
223
142
160
102
168
12
234
252
151
143
205
232
227
69
221
12
98
171
125
204
115
112
88
57
87
88
105
231
167
86
124
68
252
82
194
104
171
141
26
213
2
185
48
22
127
80
161
214
38
39
139
44
99
130
169
48
146
200
47
118
2
93
129
178
90
150
218
50
77
98
13
206
21
1
18
6
98
153
105
143
21
227
7
114
245
243
214
208
75
76
211
57
136
82
134
40
63
191
5
188
151
123
60
179
138
136
52
5
247
191
75
171
19
78
153
165
78
70
51
42
78
252
160
231
204
61
30
1
234
121
214
101
133
12
192
54
209
225
217
94
9
79
164
29
168
163
89
42
247
97
199
129
235
111
164
255
69
223
207
77
53
145
147
128
15
224
91
241
198
198
118
170
145
115
120
105
202
128
191
44
228
98
46
101
155
11
239
196
243
169
173
131
212
141
96
28
222
216
129
207
21
50
137
220
56
52
157
50
29
58
154
147
75
52
85
60
157
86
58
84
157
65
233
205
45
248
119
45
241
39
187
107
195
14
229
149
65
231
105
107
151
51
8
166
88
6
119
33
37
189
88
97
85
10
6
49
27
192
40
150
199
127
115
175
112
187
153
75
28
164
23
176
151
188
193
128
7
63
39
177
34
75
108
8
233
51
6
74
232
137
96
11
51
60
136
127
246
195
71
105
12
130
188
156
64
151
140
184
194
87
138
153
162
102
8
100
109
11
99
141
212
2
26
170
115
59
206
17
52
109
57
14
177
168
154
218
123
2
16
104
236
168
242
211
120
53
11
183
226
108
154
225
139
133
162
121
241
164
89
166
200
92
249
14
233
102
55
66
102
117
144
64
20
107
129
200
232
14
31
143
5
247
144
160
56
234
216
42
3
111
141
156
237
99
147
96
34
200
58
181
133
130
54
198
91
157
124
189
12
176
33
166
87
101
223
216
243
106
227
82
19
113
253
247
247
150
76
192
189
189
14
0
59
244
183
133
204
186
218
186
148
145
70
30
195
155
55
208
230
37
255
195
175
216
119
38
101
119
123
97
220
116
164
55
156
4
122
1
183
177
194
147
144
146
105
220
155
73
70
43
218
178
205
209
166
134
144
168
204
242
176
