0 0 0 0 -473 74
0 0 1 0 32771 7
0 0 2 0 -23126 -23164
0 0 3 0 -23178 -23178
0 0 4 0 23135 23185
0 0 5 0 23170 23174
0 0 6 0 23169 23151
0 0 7 0 -23189 23157
0 0 8 0 23119 23184
0 0 9 0 -23139 -23199
0 0 10 0 23093 23170
0 0 11 0 23193 23178
0 0 12 0 23171 23213
0 0 13 0 -23156 -23192
0 0 14 0 23201 23219
0 0 15 0 23166 23161
0 0 16 0 -23119 -23184
0 0 17 0 -23184 23153
0 0 18 0 -23215 23193
0 0 19 0 -23159 -23171
0 0 20 0 -23204 23166
0 0 21 0 23156 23181
0 0 22 0 23177 23188
0 0 23 0 -23125 23103
0 0 24 0 -23146 -23175
0 0 25 0 -23149 23168
0 0 26 0 23177 -23188
0 0 27 0 -23156 23158
0 0 28 0 23164 -23170
0 0 29 0 -23155 23127
0 0 30 0 23191 23165
0 0 31 0 23196 -23187
0 0 32 0 -23139 23142
0 0 33 0 32760 11
0 0 34 0 23176 -23166
0 0 35 0 23156 23162
0 0 36 0 23151 23156
0 0 37 0 23115 23156
0 0 38 0 23156 23171
0 0 39 0 23144 23171
0 0 40 0 23173 -23143
0 0 41 0 -23140 -23169
0 0 42 0 -23209 23147
0 0 43 0 -23173 23149
0 0 44 0 23212 -23155
0 0 45 0 23148 23193
0 0 46 0 23190 23160
0 0 47 0 23206 -23146
0 0 48 0 23164 -23171
0 0 49 0 -23174 -23143
0 0 50 0 23199 -23139
0 0 51 0 -23149 -23183
0 0 52 0 23186 -23165
0 0 53 0 23146 23171
0 0 54 0 -23182 23165
0 0 55 0 -23173 -23213
0 0 56 0 23159 -23153
0 0 57 0 23165 -23146
0 0 58 0 23146 -23128
0 0 59 0 -23135 -23220
0 0 60 0 -23160 23143
0 0 61 0 -23177 23178
0 0 62 0 23158 23180
0 0 63 0 23204 -23174
0 0 64 0 23181 -23180
0 0 65 0 32794 -5
0 0 66 0 23199 -23166
0 0 67 0 -23171 -23187
0 0 68 0 -23174 -23167
0 0 69 0 -23156 -23140
0 0 70 0 -23160 23152
0 0 71 0 23156 23163
0 0 72 0 23177 -23205
0 0 73 0 -23206 23166
0 0 74 0 -23176 23160
0 0 75 0 -23203 23179
0 0 76 0 23192 23195
0 0 77 0 -23180 23165
0 0 78 0 -23158 -23170
0 0 79 0 -23150 -23177
0 0 80 0 -23209 -23168
0 0 81 0 23154 -23150
0 0 82 0 23160 23178
0 0 83 0 23160 23180
0 0 84 0 -23145 -23209
0 0 85 0 -23156 23187
0 0 86 0 23178 23150
0 0 87 0 -23178 -23182
0 0 88 0 -23174 23157
0 0 89 0 -23182 -23167
0 0 90 0 23157 23197
0 0 91 0 -23150 23143
0 0 92 0 23157 23126
0 0 93 0 23173 23201
0 0 94 0 23141 23192
0 0 95 0 -23151 -23161
0 0 96 0 23179 23201
0 0 97 0 32782 -11
0 0 98 0 -23158 -23145
0 0 99 0 -23167 23197
0 0 100 0 -23183 23135
0 0 101 0 23158 -23172
0 0 102 0 23173 23193
0 0 103 0 -23156 23167
0 0 104 0 -23155 -23188
0 0 105 0 23188 23156
0 0 106 0 23151 23137
0 0 107 0 -23164 23163
0 0 108 0 -23192 23147
0 0 109 0 -23181 -23190
0 0 110 0 -23184 23157
0 0 111 0 23177 23175
0 0 112 0 -23156 -23181
0 0 113 0 -7 -30
0 0 114 0 -10 15
0 0 115 0 4 -12
0 0 116 0 -9 21
0 0 117 0 4 2
0 0 118 0 -7 -14
0 0 119 0 -18 -13
0 0 120 0 -12 -2
0 0 121 0 -29 4
0 0 122 0 21 3
0 0 123 0 -16 0
0 0 124 0 -26 10
0 0 125 0 -13 -2
0 0 126 0 -17 17
0 0 127 0 15 23
0 0 128 0 -8 -14
0 0 129 0 -45 -16
0 0 130 0 -27 -7
0 0 131 0 24 38
0 0 132 0 3 -25
0 0 133 0 1 -8
0 0 134 0 7 -13
0 0 135 0 7 34
0 0 136 0 21 -9
0 0 137 0 -1 -7
0 0 138 0 -28 2
0 0 139 0 12 33
0 0 140 0 -48 10
0 0 141 0 -15 12
0 0 142 0 -17 -2
0 0 143 0 24 0
0 0 144 0 -23212 23142
0 0 145 0 23233 -23183
0 0 146 0 23167 23180
0 0 147 0 23178 -23165
0 0 148 0 -23175 -23145
0 0 149 0 -23169 23183
0 0 150 0 23197 -23151
0 0 151 0 -23174 -23194
0 0 152 0 23147 23212
0 0 153 0 -23191 -23191
0 0 154 0 23157 23193
0 0 155 0 23203 23165
0 0 156 0 -23152 23139
0 0 157 0 -23136 23186
0 0 158 0 23113 23200
0 0 159 0 32760 -2
0 0 160 0 23169 -23150
0 0 161 0 23177 -23153
0 0 162 0 -23178 -23189
0 0 163 0 23170 23211
0 0 164 0 -23162 -23158
0 0 165 0 -23151 23144
0 0 166 0 23153 23188
0 0 167 0 23170 23187
0 0 168 0 23152 23166
0 0 169 0 -23169 -23165
0 0 170 0 23181 -23194
0 0 171 0 23155 -23190
0 0 172 0 -23140 -23214
0 0 173 0 -23154 23147
0 0 174 0 23174 -23151
0 0 175 0 -23189 23146
0 0 176 0 23172 -23183
0 0 177 0 -23173 23150
0 0 178 0 -23175 23146
0 0 179 0 -23128 -23154
0 0 180 0 23203 -23214
0 0 181 0 23150 -23179
0 0 182 0 23152 23162
0 0 183 0 -23166 -23167
0 0 184 0 23161 23142
0 0 185 0 -23148 23161
0 0 186 0 23162 23140
0 0 187 0 23176 -23120
0 0 188 0 -23180 23166
0 0 189 0 -23169 -23145
0 0 190 0 23197 -23169
0 0 191 0 32781 6
0 0 192 0 23197 -23148
0 0 193 0 -23161 -23170
0 0 194 0 23193 23191
0 0 195 0 23149 23175
0 0 196 0 -23155 23156
0 0 197 0 23196 23203
0 0 198 0 23162 23160
0 0 199 0 23143 -23166
0 0 200 0 -23154 -23202
0 0 201 0 -23143 -23168
0 0 202 0 -23161 -23183
0 0 203 0 23147 -23162
0 0 204 0 23155 23154
0 0 205 0 -23190 23155
0 0 206 0 -23184 23189
0 0 207 0 23166 23163
0 0 208 0 23201 -23141
0 0 209 0 -23182 23149
0 0 210 0 23177 -23163
0 0 211 0 -23184 23165
0 0 212 0 -23142 23165
0 0 213 0 -23168 -23189
0 0 214 0 -23161 23158
0 0 215 0 23143 23181
0 0 216 0 -23144 23144
0 0 217 0 23162 23194
0 0 218 0 -23165 -23179
0 0 219 0 -23177 23159
0 0 220 0 23144 23176
0 0 221 0 23157 23145
0 0 222 0 23145 -23126
0 0 223 0 32773 23
0 0 224 0 -23169 -23165
0 0 225 0 23160 23166
0 0 226 0 23168 -23146
0 0 227 0 -23176 -23178
0 0 228 0 -23180 -23181
0 0 229 0 23184 -23182
0 0 230 0 23155 -23196
0 0 231 0 -23174 23181
0 0 232 0 23192 23143
0 0 233 0 -23170 -23189
0 0 234 0 -23216 23183
0 0 235 0 23167 -23135
0 0 236 0 23167 -23165
0 0 237 0 -23178 23167
0 0 238 0 23178 -23155
0 0 239 0 -23153 -23178
0 0 240 0 23175 23167
0 0 241 0 -23205 23155
0 0 242 0 -23172 23168
0 0 243 0 23165 23217
0 0 244 0 23164 23151
0 0 245 0 -23179 -23166
0 0 246 0 -23203 23153
0 0 247 0 23168 23195
0 0 248 0 23185 23187
0 0 249 0 23188 -23140
0 0 250 0 23177 23185
0 0 251 0 -23149 -23159
0 0 252 0 -23143 23131
0 0 253 0 23189 -23143
0 0 254 0 23156 23184
0 0 255 0 32762 -1
0 1 0 1 -481 85
0 1 1 1 32777 -4
0 1 2 1 -32776 -8
0 1 3 1 -32774 -20
0 1 4 1 32786 -2
0 1 5 1 32761 2
0 1 6 1 32773 30
0 1 7 1 -32797 -28
0 1 8 1 -32772 -22
0 1 9 1 -32762 -8
0 1 10 1 -32721 -28
0 1 11 1 -32765 -33
0 1 12 1 32764 11
0 1 13 1 -32749 -32
0 1 14 1 -32761 -12
0 1 15 1 32750 27
0 1 16 1 -32764 15
0 1 17 1 -32786 -4
0 1 18 1 32772 39
0 1 19 1 -32785 4
0 1 20 1 32776 22
0 1 21 1 32776 -8
0 1 22 1 32765 -36
0 1 23 1 32761 -7
0 1 24 1 -32764 2
0 1 25 1 32756 22
0 1 26 1 -32789 -12
0 1 27 1 32779 -13
0 1 28 1 32763 11
0 1 29 1 32781 24
0 1 30 1 -32784 -20
0 1 31 1 32796 13
0 1 32 1 -32789 20
0 1 33 1 32775 37
0 1 34 1 32771 9
0 1 35 1 -32742 -9
0 1 36 1 32729 28
0 1 37 1 32782 35
0 1 38 1 32760 30
0 1 39 1 -32777 -34
0 1 40 1 -32793 -69
0 1 41 1 -32803 -13
0 1 42 1 32789 23
0 1 43 1 -32763 -2
0 1 44 1 -32759 -13
0 1 45 1 -32766 -26
0 1 46 1 -32758 1
0 1 47 1 32779 11
0 1 48 1 32771 -22
0 1 49 1 32771 31
0 1 50 1 32767 16
0 1 51 1 32784 54
0 1 52 1 32749 7
0 1 53 1 -32773 -36
0 1 54 1 32778 -2
0 1 55 1 32743 17
0 1 56 1 -32812 -8
0 1 57 1 32753 -6
0 1 58 1 -32759 -32
0 1 59 1 -32788 -37
0 1 60 1 32775 19
0 1 61 1 -32760 -27
0 1 62 1 32737 44
0 1 63 1 32765 33
0 1 64 1 -32763 4
0 1 65 1 32791 51
0 1 66 1 -32767 -30
0 1 67 1 -32758 20
0 1 68 1 32787 0
0 1 69 1 -32738 -52
0 1 70 1 -32789 -35
0 1 71 1 -32740 4
0 1 72 1 -32793 -13
0 1 73 1 32751 10
0 1 74 1 32817 -11
0 1 75 1 32712 23
0 1 76 1 32760 7
0 1 77 1 32771 1
0 1 78 1 -32749 -15
0 1 79 1 32766 24
0 1 80 1 32754 -2
0 1 81 1 -32760 -22
0 1 82 1 32755 24
0 1 83 1 32760 -7
0 1 84 1 -32766 2
0 1 85 1 32736 6
0 1 86 1 -32749 12
0 1 87 1 -32724 15
0 1 88 1 -32750 13
0 1 89 1 -32755 -31
0 1 90 1 -32726 0
0 1 91 1 32778 23
0 1 92 1 32797 19
0 1 93 1 -32792 -6
0 1 94 1 -32753 -13
0 1 95 1 -32772 -26
0 1 96 1 32765 8
0 1 97 1 32790 35
0 1 98 1 32777 10
0 1 99 1 -32762 18
0 1 100 1 32740 3
0 1 101 1 32811 20
0 1 102 1 32730 21
0 1 103 1 32718 33
0 1 104 1 -32752 7
0 1 105 1 32740 22
0 1 106 1 -32768 17
0 1 107 1 -32799 -19
0 1 108 1 -32759 -41
0 1 109 1 -32764 -13
0 1 110 1 -32768 10
0 1 111 1 -32779 -13
0 1 112 1 -32783 -1
0 1 113 1 -12 4
0 1 114 1 -29 31
0 1 115 1 -14 -35
0 1 116 1 -16 10
0 1 117 1 -25 18
0 1 118 1 12 -30
0 1 119 1 -36 12
0 1 120 1 13 28
0 1 121 1 34 12
0 1 122 1 -8 20
0 1 123 1 -5 10
0 1 124 1 -19 10
0 1 125 1 -17 0
0 1 126 1 -26 8
0 1 127 1 -6 18
0 1 128 1 3 -11
0 1 129 1 -8 -18
0 1 130 1 3 -17
0 1 131 1 -11 20
0 1 132 1 6 -7
0 1 133 1 16 -22
0 1 134 1 -41 39
0 1 135 1 -14 6
0 1 136 1 -42 4
0 1 137 1 -30 -33
0 1 138 1 2 10
0 1 139 1 16 -23
0 1 140 1 11 13
0 1 141 1 0 -16
0 1 142 1 2 39
0 1 143 1 0 -14
0 1 144 1 32752 -19
0 1 145 1 32729 17
0 1 146 1 -32761 0
0 1 147 1 32783 37
0 1 148 1 32761 21
0 1 149 1 -32777 -12
0 1 150 1 32751 39
0 1 151 1 -32742 -1
0 1 152 1 32734 12
0 1 153 1 -32746 -2
0 1 154 1 32805 29
0 1 155 1 -32795 -12
0 1 156 1 -32775 -15
0 1 157 1 -32756 -1
0 1 158 1 32754 30
0 1 159 1 32759 -17
0 1 160 1 -32766 -8
0 1 161 1 -32777 -44
0 1 162 1 32784 40
0 1 163 1 -32742 -2
0 1 164 1 -32788 -11
0 1 165 1 32741 -2
0 1 166 1 32784 -24
0 1 167 1 -32761 0
0 1 168 1 -32763 -8
0 1 169 1 -32763 -17
0 1 170 1 -32742 -10
0 1 171 1 -32774 -24
0 1 172 1 32768 2
0 1 173 1 32737 0
0 1 174 1 32717 59
0 1 175 1 -32752 -20
0 1 176 1 -32763 -26
0 1 177 1 -32733 16
0 1 178 1 -32758 -12
0 1 179 1 -32782 -25
0 1 180 1 32766 23
0 1 181 1 32787 46
0 1 182 1 -32753 -18
0 1 183 1 -32726 24
0 1 184 1 -32765 -29
0 1 185 1 -32764 -8
0 1 186 1 -32770 -4
0 1 187 1 -32779 -40
0 1 188 1 32743 10
0 1 189 1 -32773 -13
0 1 190 1 32786 34
0 1 191 1 32732 -38
0 1 192 1 -32767 21
0 1 193 1 32787 -26
0 1 194 1 32776 -15
0 1 195 1 -32752 -45
0 1 196 1 -32799 0
0 1 197 1 -32776 -15
0 1 198 1 32795 -17
0 1 199 1 32746 35
0 1 200 1 -32781 0
0 1 201 1 32789 20
0 1 202 1 -32761 -17
0 1 203 1 32782 -5
0 1 204 1 -32777 16
0 1 205 1 -32771 0
0 1 206 1 -32762 -26
0 1 207 1 -32797 14
0 1 208 1 32749 7
0 1 209 1 32747 1
0 1 210 1 32773 21
0 1 211 1 -32760 1
0 1 212 1 -32799 -21
0 1 213 1 -32762 -26
0 1 214 1 32753 26
0 1 215 1 32760 -3
0 1 216 1 32778 -41
0 1 217 1 32762 -2
0 1 218 1 -32757 -31
0 1 219 1 32760 61
0 1 220 1 32778 28
0 1 221 1 32779 18
0 1 222 1 -32768 -20
0 1 223 1 32778 28
0 1 224 1 -32769 -8
0 1 225 1 -32781 -17
0 1 226 1 -32761 -3
0 1 227 1 32761 28
0 1 228 1 32774 19
0 1 229 1 32752 89
0 1 230 1 -32759 12
0 1 231 1 -32776 -15
0 1 232 1 -32748 0
0 1 233 1 32759 0
0 1 234 1 -32771 -14
0 1 235 1 -32750 -51
0 1 236 1 32759 -15
0 1 237 1 32784 10
0 1 238 1 -32754 -32
0 1 239 1 -32747 -44
0 1 240 1 32771 18
0 1 241 1 -32768 -24
0 1 242 1 32775 -16
0 1 243 1 -32765 -18
0 1 244 1 32755 0
0 1 245 1 -32756 -13
0 1 246 1 32780 16
0 1 247 1 -32752 5
0 1 248 1 -32793 14
0 1 249 1 32774 -7
0 1 250 1 32778 37
0 1 251 1 32739 -21
0 1 252 1 -32776 -1
0 1 253 1 -32759 1
0 1 254 1 32766 43
0 1 255 1 32791 23
0 2 0 2 -467 110
0 2 1 2 32789 25
0 2 2 2 23178 23174
0 2 3 2 23152 -23144
0 2 4 2 23184 -23148
0 2 5 2 23185 -23216
0 2 6 2 -23158 -23161
0 2 7 2 23205 -23155
0 2 8 2 23174 -23172
0 2 9 2 -23180 23136
0 2 10 2 23148 23189
0 2 11 2 23185 23190
0 2 12 2 23204 -23172
0 2 13 2 -23169 23158
0 2 14 2 -23204 -23201
0 2 15 2 23197 -23168
0 2 16 2 23155 23147
0 2 17 2 23160 23155
0 2 18 2 23160 23183
0 2 19 2 -23120 23169
0 2 20 2 -23172 -23174
0 2 21 2 -23155 -23168
0 2 22 2 -23143 -23158
0 2 23 2 23197 23184
0 2 24 2 23151 23222
0 2 25 2 23152 23154
0 2 26 2 -23189 23137
0 2 27 2 23168 23165
0 2 28 2 -23159 -23182
0 2 29 2 -23152 -23218
0 2 30 2 -23149 -23175
0 2 31 2 -23182 23194
0 2 32 2 -23144 -23173
0 2 33 2 32767 -9
0 2 34 2 23138 23151
0 2 35 2 -23144 -23171
0 2 36 2 23188 -23176
0 2 37 2 -23176 -23118
0 2 38 2 -23161 23189
0 2 39 2 23185 23171
0 2 40 2 -23142 -23172
0 2 41 2 -23192 23152
0 2 42 2 -23164 -23168
0 2 43 2 23189 -23180
0 2 44 2 -23167 -23163
0 2 45 2 23203 -23170
0 2 46 2 23176 -23185
0 2 47 2 -23163 23165
0 2 48 2 23186 -23166
0 2 49 2 -23173 -23158
0 2 50 2 -23171 -23184
0 2 51 2 23200 -23204
0 2 52 2 23172 23189
0 2 53 2 -23167 -23196
0 2 54 2 -23170 -23139
0 2 55 2 23166 -23151
0 2 56 2 -23192 23166
0 2 57 2 23121 23163
0 2 58 2 23139 23177
0 2 59 2 23190 -23200
0 2 60 2 23154 23187
0 2 61 2 -23149 23161
0 2 62 2 -23182 23178
0 2 63 2 23140 23150
0 2 64 2 23133 23174
0 2 65 2 32744 50
0 2 66 2 23167 -23162
0 2 67 2 23164 -23181
0 2 68 2 23156 -23188
0 2 69 2 -23179 -23164
0 2 70 2 23178 -23144
0 2 71 2 23186 -23183
0 2 72 2 -23186 23130
0 2 73 2 23181 23180
0 2 74 2 23165 23189
0 2 75 2 -23166 23148
0 2 76 2 -23173 23200
0 2 77 2 -23139 23173
0 2 78 2 23150 -23154
0 2 79 2 23170 23138
0 2 80 2 23143 -23190
0 2 81 2 -23175 -23160
0 2 82 2 23203 23155
0 2 83 2 -23171 23173
0 2 84 2 -23141 -23195
0 2 85 2 -23153 23138
0 2 86 2 -23178 -23182
0 2 87 2 -23143 23169
0 2 88 2 23193 23167
0 2 89 2 23158 23151
0 2 90 2 23187 23203
0 2 91 2 -23184 23169
0 2 92 2 23166 23160
0 2 93 2 -23150 -23198
0 2 94 2 23174 23181
0 2 95 2 23213 -23176
0 2 96 2 -23182 23163
0 2 97 2 32726 7
0 2 98 2 23192 -23169
0 2 99 2 23126 23168
0 2 100 2 23206 -23169
0 2 101 2 23171 -23151
0 2 102 2 -23192 23149
0 2 103 2 -23157 -23151
0 2 104 2 -23171 23145
0 2 105 2 23145 23162
0 2 106 2 23175 -23172
0 2 107 2 23152 -23150
0 2 108 2 23113 23175
0 2 109 2 -23181 -23151
0 2 110 2 -23151 -23171
0 2 111 2 23178 23150
0 2 112 2 23155 23187
0 2 113 2 2 1
0 2 114 2 -5 -6
0 2 115 2 2 -1
0 2 116 2 34 13
0 2 117 2 0 -31
0 2 118 2 4 13
0 2 119 2 25 -43
0 2 120 2 0 7
0 2 121 2 30 2
0 2 122 2 2 -6
0 2 123 2 2 -27
0 2 124 2 -40 -38
0 2 125 2 -4 7
0 2 126 2 -15 -16
0 2 127 2 46 -26
0 2 128 2 2 20
0 2 129 2 24 -2
0 2 130 2 -5 -1
0 2 131 2 -3 21
0 2 132 2 -5 -9
0 2 133 2 6 20
0 2 134 2 -1 14
0 2 135 2 29 -18
0 2 136 2 0 -26
0 2 137 2 16 -7
0 2 138 2 -11 8
0 2 139 2 -19 -4
0 2 140 2 -8 15
0 2 141 2 -14 -10
0 2 142 2 -41 14
0 2 143 2 -32 -4
0 2 144 2 -23159 -23166
0 2 145 2 -23151 23137
0 2 146 2 23153 23187
0 2 147 2 23164 23190
0 2 148 2 -23163 23183
0 2 149 2 23210 23192
0 2 150 2 -23152 23194
0 2 151 2 -23162 -23195
0 2 152 2 23143 23144
0 2 153 2 23144 23173
0 2 154 2 23168 -23183
0 2 155 2 23134 23186
0 2 156 2 23166 -23159
0 2 157 2 23156 -23141
0 2 158 2 -23159 -23212
0 2 159 2 32759 13
0 2 160 2 -23193 -23206
0 2 161 2 23156 -23161
0 2 162 2 -23167 23145
0 2 163 2 -23143 -23161
0 2 164 2 23182 -23170
0 2 165 2 -23162 23139
0 2 166 2 23177 -23155
0 2 167 2 23176 -23170
0 2 168 2 23182 23166
0 2 169 2 -23181 -23189
0 2 170 2 23131 -23179
0 2 171 2 -23138 -23190
0 2 172 2 23171 23153
0 2 173 2 -23160 -23186
0 2 174 2 -23200 23195
0 2 175 2 23143 23225
0 2 176 2 23154 23207
0 2 177 2 23168 -23162
0 2 178 2 23185 23195
0 2 179 2 -23178 23170
0 2 180 2 23201 -23182
0 2 181 2 23162 23174
0 2 182 2 23188 -23172
0 2 183 2 23161 -23167
0 2 184 2 23136 -23194
0 2 185 2 23173 -23223
0 2 186 2 -23141 23181
0 2 187 2 23144 23171
0 2 188 2 23191 -23172
0 2 189 2 -23168 23167
0 2 190 2 -23188 23141
0 2 191 2 32794 40
0 2 192 2 23227 -23160
0 2 193 2 23229 -23153
0 2 194 2 -23184 23142
0 2 195 2 23178 -23135
0 2 196 2 23144 -23184
0 2 197 2 23120 23149
0 2 198 2 -23185 -23146
0 2 199 2 23160 23170
0 2 200 2 23202 -23158
0 2 201 2 -23182 23147
0 2 202 2 -23169 23136
0 2 203 2 -23189 23190
0 2 204 2 23184 23144
0 2 205 2 -23155 -23169
0 2 206 2 23219 -23184
0 2 207 2 -23192 23136
0 2 208 2 23145 -23154
0 2 209 2 23175 23154
0 2 210 2 23183 -23165
0 2 211 2 23141 23184
0 2 212 2 -23179 -23190
0 2 213 2 23139 23154
0 2 214 2 23151 23162
0 2 215 2 23194 -23157
0 2 216 2 -23168 23183
0 2 217 2 -23190 -23163
0 2 218 2 23132 -23170
0 2 219 2 -23171 23200
0 2 220 2 -23217 23164
0 2 221 2 -23154 -23182
0 2 222 2 -23175 23148
0 2 223 2 32753 -28
0 2 224 2 -23159 -23175
0 2 225 2 -23177 23133
0 2 226 2 23171 -23156
0 2 227 2 23165 -23177
0 2 228 2 23160 23167
0 2 229 2 -23158 -23158
0 2 230 2 23137 23142
0 2 231 2 -23172 23159
0 2 232 2 -23195 23150
0 2 233 2 -23149 -23167
0 2 234 2 -23199 23169
0 2 235 2 23189 23182
0 2 236 2 -23154 -23172
0 2 237 2 23160 -23197
0 2 238 2 23187 -23160
0 2 239 2 -23152 -23164
0 2 240 2 -23203 23192
0 2 241 2 23153 -23153
0 2 242 2 23168 23207
0 2 243 2 23153 -23161
0 2 244 2 -23167 23179
0 2 245 2 -23195 23151
0 2 246 2 -23159 -23166
0 2 247 2 23143 -23131
0 2 248 2 23177 23199
0 2 249 2 23137 -23169
0 2 250 2 -23163 -23202
0 2 251 2 23159 -23152
0 2 252 2 -23158 -23187
0 2 253 2 23160 -23156
0 2 254 2 -23152 23155
0 2 255 2 32747 -15
