1.05835342 0.791602373
0.176602438 -0.683117151
0.979055822 -0.275258005
-0.512479305 0.527288318
-0.0869836584 -1.71853638
-1.11613691 0.17586413
0.415886045 0.241972432
-2.0983851 -1.91866505
-1.20354664 1.34891868
-0.698320806 1.01601863
1.57170808 -1.98061597
0.562636912 -1.31948268
-0.463366687 0.411402047
-1.83577836 1.95185304
0.683851302 0.209161505
0.459769636 0.913996577
-0.810045242 -0.57581389
0.657246292 -0.69064796
-0.877772748 0.849614203
0.835636556 1.10219526
0.656997144 -0.698066652
-0.903740346 0.941883028
0.712382138 -0.585765421
-0.828114092 -0.815822721
-0.563114464 -0.755138636
0.509141147 0.605913222
-0.717660189 -0.794478416
1.06898367 -0.56199348
0.867648005 0.99585408
0.713956594 -0.741076529
0.559035957 -0.609711289
-0.626423717 -0.648474097
0.741467476 -0.726731122
0.600552976 -0.619551718
-0.598189056 -0.757700622
0.630818486 0.771884739
0.652918518 0.854754031
0.688724816 0.597890139
-0.660976648 -0.816129386
0.670298755 -0.647595644
-0.598690391 -0.593947947
0.653082192 -0.693974018
-0.738358617 0.739356577
-0.607000351 0.744466007
-0.775451183 0.775406539
0.619609654 -0.743793249
0.652924895 -0.699092329
-0.721775651 0.757184863
0.64279145 0.703428268
-0.670513868 0.743746877
-0.79723984 0.731703937
-0.668746412 -0.699091315
0.703731358 -0.698614657
-0.556083441 0.77911675
-0.807381272 -0.721799254
0.837643027 -0.628088474
0.702661157 0.644532382
-0.825982273 -0.736103535
0.774493277 -0.578424335
-0.722937822 0.643993258
-0.781428456 -0.760423541
0.783465207 -0.724609017
0.5776968 -0.737206936
-0.710712075 -0.763999283
-0.611325324 0.571211636
0.611729383 -0.762727499
-0.749200046 -0.766236722
0.714189172 0.733914554
-0.729713559 -0.843599796
-0.81150502 -0.760415196
-0.642696381 0.577873111
0.720570982 -0.677923381
0.662147522 0.7597574
0.681707382 0.675737023
0.699732602 -0.721306324
0.773198426 -0.853867888
0.728353322 0.728416562
-0.558410406 -0.695213974
-0.695042789 0.690066397
0.660215139 -0.726579845
0.653652847 0.703664005
0.828354716 0.652604997
-0.605173051 0.812996089
-0.635892093 -0.810274363
-0.718493164 0.741640687
0.847732782 -0.851163149
-0.781985462 0.639680207
0.650355399 0.647292197
-0.724298239 -0.669089794
-0.829464495 0.713772953
0.814166129 0.686037004
0.71301055 -0.68231374
-0.606992722 -0.656799376
0.701037645 -0.360951185
0.56247437 -0.633647263
0.768091202 0.792080104
-0.442137718 -0.683421075
-0.955785513 0.597643197
-0.761295497 0.632798851
0.823730886 -0.594275653
-0.774163842 -0.711258948
-1.08461106 -0.869330406
0.651160121 -0.782304823
0.767448604 0.582529962
0.746447742 0.62409085
0.752011716 -0.866116464
-0.682214618 -0.886101842
-0.770575106 -0.918455303
0.754413784 -0.771909833
-0.496368676 0.872515142
0.790954828 0.893429756
-0.779567063 0.542987704
-0.813222945 -0.865640998
-0.795221508 0.555586159
0.744473636 -0.544542134
-0.667241096 -0.609049737
-0.719513357 -0.678011298
-0.733584881 0.64983511
0.874877214 1.07698572
0.918148458 0.746594787
-0.859399676 0.904012978
0.713902414 -0.79483676
0.81023109 0.555179536
0.686317027 0.544620574
0.725355387 0.648681343
0.51151526 -0.94599247
0.591762185 0.532108426
0.728855133 -0.790174544
-0.678169489 0.704115689
-0.818860352 -0.805167377
0.700981617 -0.764710248
0.898491204 -0.8021456
-0.626603782 -0.633839667
0.683729172 -0.637272298
-0.63803035 -0.645480871
-0.820393741 0.702682137
-0.921621382 -0.686077833
-0.843865573 -0.680976212
-0.739934921 0.62301594
0.720289886 0.696720421
-0.859345496 -0.500244498
0.641707242 0.67297852
-0.554333329 -0.591328859
-0.663699329 0.78190732
-0.753655612 -0.879306376
-0.769602299 -0.642107785
0.753474295 0.737730861
-0.741400599 -0.505927086
-0.736563563 0.758336782
0.774134517 -0.671658993
0.698923767 -0.725237072
-0.693463385 0.624837935
-0.732807279 -0.691350102
-0.71068722 0.673767328
-0.768525243 0.775544882
0.8073138 0.74437207
-0.669648528 -0.732376754
-0.679141462 0.707499504
0.690503061 0.70989114
-0.669160962 0.779844105
0.632959425 -0.77298528
0.788722813 0.584951937
0.690557003 -0.601346731
0.793705344 -0.743759155
0.74141252 -0.742036045
0.755114913 -0.697817504
0.698297501 -0.73908484
-0.753803015 0.811994433
0.642212689 -0.741208911
0.747591794 0.654204845
-0.73205173 -0.609690547
-0.626908004 0.663260996
-0.703164637 0.657938123
0.721807182 -0.756115317
0.760487795 0.7833606
-0.742713392 0.757910669
0.686312616 -0.735740006
0.763111055 0.735590577
-0.744493425 0.703329206
-0.640822649 -0.644480586
-0.658593476 -0.767843604
0.785507679 0.649884462
-0.890083075 -0.701244771
-0.657015681 0.689573288
-0.710059345 0.711540937
-0.734368384 -0.59476614
-0.795612693 -0.609187305
-0.699995279 -0.780688882
0.76734215 0.664649427
0.786935925 -0.715671182
0.782157004 0.755886734
0.752480328 -0.884898901
-0.698520482 -0.808056355
0.773020208 0.81776005
-0.737057745 -0.673287451
0.657347918 -0.662714005
-0.716061711 0.758283973
-0.848784268 0.662335277
-0.638840318 -0.792204082
-0.603621423 -0.800726175
-0.873475194 -0.826552212
0.574214697 -0.658697605
-0.72581023 0.690306544
-0.784967661 0.657913506
0.765096486 -0.72125566
0.697969258 -0.736424387
-0.641155183 0.504261553
-0.844849229 -0.65786159
-0.751635849 -0.774617136
0.719974458 -0.841834962
0.57086587 -0.884308457
0.591703832 -0.726087272
-0.491479754 0.691101372
-1.0615977 -0.665218771
-0.312351882 -0.562051535
0.556293607 -0.650182247
