-0.39177838 -0.163134962
-0.0937635899 0.244977534
-0.278693408 0.184895962
0.0123858871 -0.224246725
0.0990989506 0.246685147
0.139723808 -0.025724778
-0.110363618 0.0254600383
0.15629153 -0.132060826
-0.179531619 -0.143093035
-0.238445505 -0.091775991
0.224204779 0.0558021441
0.213629931 -0.109838851
-0.183040425 0.0388632827
-0.360285968 0.178193092
0.191055849 0.102690622
0.182550624 0.28685382
-0.413146138 -0.309038401
0.245005473 -0.326759428
-0.299906284 0.325593412
0.411832064 0.375614285
0.187950119 -0.478019089
-0.2811113 0.598782122
0.253565818 -0.57062453
-0.649541974 -0.167908147
-0.674393475 -0.183612496
0.685588837 0.121895716
-0.774337292 -0.0973413959
0.20058623 -0.934984863
0.939310372 0.0362546071
-0.0445569232 -0.877467871
-0.134890378 -0.730141699
-0.957515895 0.192523032
-0.166334108 -1.02220917
-0.307433933 -0.921406865
-0.981048048 0.322021127
1.03642273 -0.389361143
1.08365464 -0.472664148
0.946716785 -0.614949822
-1.0049727 0.549755216
-0.606164694 -0.976463258
-0.828793943 0.663708925
-0.846718669 -0.873979151
0.852905393 0.966030777
0.902085543 0.858614504
1.01264334 0.845947266
-0.92700845 -0.779460967
-1.06273675 -0.623909116
1.13612342 0.83888489
0.655792296 -1.04723763
1.13848042 0.689843535
1.30488491 0.588998616
-0.473719239 1.20952654
-1.29680407 -0.423359007
1.29218543 0.379471928
-0.269938916 1.37596512
-1.35040307 -0.316299886
0.199484915 -1.23623991
-0.0926910713 1.3866806
-1.33710408 -0.243300155
1.39229321 0.0574123003
0.0422106795 1.39967096
-1.40999818 0.157614321
-1.39703071 0.285514534
0.392246962 1.30860925
1.09370744 -0.343377739
-1.15188527 0.474483103
0.506057084 1.26953602
-0.627958536 -1.18180394
0.563333929 1.18333113
0.64863044 1.12993085
1.00406444 -0.615409195
-0.955467105 0.792956829
-0.759611487 -0.922819555
-0.744033158 -0.806320727
-0.699514449 0.815091431
-0.845656693 0.978099167
-0.932220042 -0.755209267
0.890041947 0.726436257
0.482247323 -0.891876757
-0.452742726 0.976761043
-0.964475274 -0.322967649
-0.870220423 -0.341407627
0.253645778 -0.951706111
0.888608396 0.335809916
0.0751408637 -0.898147225
-0.0996489972 0.997610152
0.0472675152 -0.95610255
-0.820999265 0.0868549943
0.855085433 -0.0967658162
-0.0550398529 -0.819863379
-0.814169407 0.184139103
0.158459485 0.753408313
0.657499194 -0.228848949
0.153927252 0.589230835
0.346410841 0.526380777
-0.586241543 0.409623057
0.482364893 -0.350656629
-0.438996583 -0.483282059
-0.461865515 -0.389315814
0.401645094 0.364496738
0.361056477 -0.468989253
0.371623755 -0.591159105
0.515903771 0.0953153297
-0.111276366 0.442716867
-0.0613574795 0.462898791
0.608945847 -0.0182176046
0.0228886101 -0.450417429
-0.105161659 -0.427706599
-0.494529575 0.135577694
0.593666911 -0.20466204
-0.187858254 -0.651799977
0.592047095 -0.212040111
0.319620401 0.584859729
0.495837748 -0.335288793
-0.472470343 0.349018604
0.448208332 0.333536029
0.398933262 0.399945557
0.400190324 -0.535378695
-0.731113136 -0.4423801
-0.73836112 -0.171246201
0.181331605 -0.72333014
-0.122605145 0.754385889
-0.57127136 -0.0773583055
-0.716822028 0.0324227996
-0.740227282 0.0906305313
0.202365473 0.735662878
-0.67728579 0.21957168
0.270888597 0.819817185
-0.320156485 -0.818854749
0.821301162 -0.458800882
0.423321515 0.717573106
0.476306409 0.765862763
0.697388053 -0.538595557
0.605809093 0.613331795
0.597881138 -0.604876697
-0.733263493 -0.638619483
0.519498765 -0.923557401
0.485324025 -0.967177093
-0.869082391 -0.484463394
-0.392599434 0.937310517
0.189280927 -1.06030977
-0.343036413 0.941064298
0.244896501 -0.903562248
-1.07297242 -0.114949793
0.0664212555 -1.28883171
-0.0818827599 -1.17076564
0.115651712 1.23335469
-0.208204314 -1.10877049
-1.27696848 0.16071111
1.27454126 -0.100029483
1.19450986 -0.312148571
-1.17414284 0.27853021
-0.50440979 -1.19579005
-1.19120932 0.404317766
-1.15084422 0.752238572
0.871183276 1.24235487
-0.797032118 -1.02807653
-1.0613085 0.90046519
1.00207508 1.07876706
-0.97805953 1.1073612
0.842116296 -1.19093072
1.17181122 0.828114986
0.893079162 -1.16303515
0.807204604 -1.36470878
0.762817681 -1.39062655
0.739644289 -1.32779741
0.56355226 -1.45042408
-0.569779217 1.57006943
0.430891991 -1.45865726
1.50760746 0.387851685
-1.46950483 -0.235775292
-0.203736216 1.45652294
-0.11119815 1.49494886
0.0928577781 -1.54090405
1.47931409 -0.0111800088
-0.0126940766 1.63865507
-0.193272993 -1.55201113
1.62857103 -0.194268078
0.253887087 1.52615643
-1.41569328 0.302369475
-1.46530271 0.433124334
1.34596789 -0.617497504
-1.43815851 0.711090326
0.600406706 1.29570735
0.730485439 1.26166964
-1.12101293 0.873588204
-1.04293156 0.900060475
-1.16445208 0.893070042
0.9411394 -0.920203626
-1.01248932 -0.931658506
0.947409987 -1.00283313
-1.17033625 -0.759057939
-0.87981981 1.0248661
0.724863648 -1.19108796
-0.616962552 1.1331687
-1.00734448 -0.570303738
1.11346853 0.515279949
1.13061059 0.593895972
-0.467182428 1.10891163
-0.454136223 1.04771459
-0.311430097 1.12079668
-0.99546963 -0.191200793
0.956949592 0.112889968
1.0233537 0.152543917
-0.977382839 -0.151633948
-0.919347584 -0.0182344634
0.767602801 0.0064207809
0.191020042 0.936664522
0.140094668 0.803368866
-0.781762421 0.181237414
-0.711014986 0.165733114
-0.518213093 0.26771
0.530318618 -0.293731153
0.291742623 0.517579138
0.143872127 0.384760797
-0.435658753 0.323810726
