-0.028406553 0.0289617721
0.0257208031 0.00930827856
-0.0677725151 0.0063374429
-0.0997716561 0.0396159776
0.0507266968 0.0076400321
0.0714213699 -0.0277306717
-0.0563170202 -0.039875906
-0.00561608002 -0.0331983231
0.00306571275 0.0314173847
-0.0482884273 -0.00860983878
-0.0229331702 -0.02276114
0.0265300721 -0.0257974677
0.0598024279 0.0484495796
-0.00968009979 0.0571478717
-0.0582069308 -0.0337679796
-0.054244563 -0.00690299459
0.0240233913 -0.0704615563
0.0170789137 -0.00526550971
0.00936322287 -0.0233833976
0.100276232 0.00920726359
0.00517478026 0.0327090584
0.00986813195 -0.0959583372
0.0334078558 0.08366777
-0.0217710808 0.0568707958
0.0256258659 0.0262927637
0.00133060711 0.0243745279
0.0128879827 -0.0305949394
0.0420409516 0.0196429621
0.00776039623 -0.0344234407
-0.0372223854 0.0543290786
-0.00171568058 0.0253418535
0.0101099936 -0.0382262468
-0.046875 0
0.0101099964 0.0382262468
-0.00171568058 -0.0253418498
-0.0372223929 -0.0543290749
0.00776039949 0.0344234407
0.042040959 -0.0196429677
0.0128879854 0.030594945
0.0013306099 -0.0243745316
0.0256258659 -0.0262927637
-0.0217710659 -0.0568707921
0.0334078595 -0.08366777
0.00986814126 0.0959583372
0.0051747784 -0.0327090621
0.100276232 -0.00920725986
0.009363221 0.0233833976
0.01707891 0.00526550785
0.0240233913 0.0704615563
-0.0542445555 0.00690299552
-0.0582069308 0.0337679796
-0.0096800942 -0.057147868
0.0598024279 -0.0484495834
0.026530074 0.0257974751
-0.0229331683 0.02276114
-0.0482884198 0.00860984251
0.00306571275 -0.0314173847
-0.00561608002 0.0331983194
-0.0563170165 0.0398758948
0.0714213699 0.0277306736
0.0507267006 -0.00764003024
-0.0997716635 -0.0396159813
-0.0677725151 -0.00633744383
0.0257208105 -0.00930827856
-0.028406553 -0.0289617721
-0.0417233519 0.00117269903
0.0388048328 -0.00596676394
-0.0446899906 -0.0326993987
0.00829822384 0.0366224796
0.158449054 0.0106335115
0.032099463 -0.031998802
-0.0125092324 -0.033009164
0.0360414535 -0.0471235365
-0.0423796177 -0.0303521305
0.0166071095 0.00479238341
0.0629732609 0.0463500321
0.0395628884 -0.0164354481
0.0703341439 -0.0637344271
-0.00681718253 -0.0498393178
0.0232381504 -0.0322752967
0.0691971704 0.02292661
0.0223130956 0.023507243
0.0518917739 -0.0441848859
-0.012808254 -0.000327221118
-0.0373463184 0.0184620898
0.0282009579 -0.0281423964
0.050066255 -0.00398074556
0.0657628179 -0.0664125383
0.0190819018 0.0123221446
-0.0315730721 0.0211088695
-0.0149705196 -0.0958883613
-0.0422446616 -0.00608765334
-0.0886997879 -0.00549799763
-0.0195632428 0.00130052026
0.0431682393 0.0339258835
0.0124286087 0.0223830249
-0.0234375 0.0390625
0.0308666974 0.0139444163
0.0206368268 -0.00914966036
-0.051083345 0.0176335648
-0.00622741133 -0.0217596404
-0.0451774746 -0.0670116246
0.0246942453 0.0692863986
0.0627663806 0.0240825303
-0.0851825625 -0.0159178469
-0.0303415656 0.0714059845
-0.0242159925 0.0241181515
-0.0361862481 0.0520316586
-0.0259943195 0.0353677273
-0.0275495276 0.0159211755
0.0522630103 0.0426959619
-0.0148755806 -0.0252883751
-0.02689863 -0.0986073613
0.0317490809 -0.0134055633
-0.00908370502 0.0151170902
-0.0456383452 -0.0801521093
0.0256384239 0.00536801293
0.038566798 0.0274686143
-0.0178728849 0.0151386615
0.0208333191 0.0375442915
-0.0648146942 0.0101262704
-0.0312828869 0.000862082466
0.0692987815 0.0169830211
-0.0113684461 0.0705821738
-0.029271774 0.0271276496
-0.016201349 0.012424957
0.02513225 0.014998816
-0.0579644926 0.036160849
-0.12784344 0.0179132279
-0.0237654131 -0.0281599313
0.0172746703 -0.0140696894
0.00797894597 -0.0642878562
-0.0401225686 0.0457923114
-0.002187673 0.0185930151
0.0882979482 -0.0387453698
0.0586095788 0.0674777925
-0.036792472 0.0387765989
-0.0459902063 0.0848956779
0.00242570695 0.00187394023
-0.0143843517 -0.0428148843
0.000850623474 0.0123633482
0.0196490437 -0.027326066
0.0364785939 0.0459641404
0.015340589 -0.0127784628
-0.00382193271 -0.0510724187
0.00686121779 -0.050999403
-0.0472135358 -0.0627384782
-0.00350208953 0.0432889163
0.0206998512 -0.0209881291
-0.00685172155 -0.0210845172
-0.0566450767 -0.000384647399
-0.116318546 -0.0546592996
-0.0220252015 0.0209114216
-0.00729119545 0.0190701205
-0.0118306987 0.0295843054
0.0397082046 0.0222190041
0.00914786942 0.0368947983
0.0268903971 0.0247975923
0.020796122 -0.0923576951
0.00414874218 0.014312245
0.03125 0
0.00414874079 -0.0143122459
0.0207961239 0.0923576951
0.0268904027 -0.024797596
0.00914787315 -0.0368948057
0.039708212 -0.0222189985
-0.0118307015 -0.0295843035
-0.00729119265 -0.0190701168
-0.0220252015 -0.0209114216
-0.116318546 0.0546593033
-0.0566450804 0.000384647399
-0.00685172528 0.0210845135
0.0206998494 0.0209881309
-0.00350208953 -0.0432889201
-0.0472135395 0.0627384782
0.00686121266 0.050999403
-0.00382193271 0.0510724187
0.015340589 0.0127784582
0.0364785939 -0.0459641479
0.0196490418 0.0273260698
0.000850627199 -0.0123633426
-0.0143843498 0.0428148843
0.00242570788 -0.0018739393
-0.0459902138 -0.0848956853
-0.036792472 -0.0387765989
0.0586095713 -0.0674777925
0.0882979482 0.0387453735
-0.00218766928 -0.0185930096
-0.0401225649 -0.0457923077
0.00797894225 0.0642878637
0.0172746703 0.0140696857
-0.0237654131 0.0281599313
-0.12784344 -0.0179132279
-0.0579644851 -0.0361608453
0.02513225 -0.014998816
-0.0162013471 -0.0124249607
-0.0292717759 -0.0271276515
-0.0113684461 -0.0705821738
0.069298774 -0.0169830211
-0.0312828869 -0.000862078741
-0.0648146942 -0.0101262704
0.0208333153 -0.0375442952
-0.0178728849 -0.0151386634
0.0385667905 -0.0274686143
0.0256384239 -0.005368012
-0.0456383452 0.0801521093
-0.00908370502 -0.0151170883
0.0317490771 0.0134055633
-0.02689863 0.0986073613
-0.0148755834 0.0252883714
0.052263014 -0.0426959619
-0.0275495294 -0.015921168
-0.0259943213 -0.0353677273
-0.0361862592 -0.0520316623
-0.0242159888 -0.0241181478
-0.0303415619 -0.0714059919
-0.0851825625 0.0159178469
0.0627663732 -0.0240825303
0.0246942453 -0.0692863911
-0.0451774709 0.0670116171
-0.0062274076 0.0217596423
-0.0510833412 -0.0176335648
0.0206368323 0.00914966129
0.0308667012 -0.0139444228
-0.0234375 -0.0390625
0.0124286069 -0.0223830193
0.0431682467 -0.0339258909
-0.019563254 -0.00130051747
-0.0886997879 0.00549799856
-0.0422446579 0.00608764961
-0.0149705159 0.0958883539
-0.0315730795 -0.0211088695
0.0190819018 -0.0123221446
0.0657628179 0.0664125308
0.0500662588 0.00398074463
0.0282009523 0.0281423945
-0.0373463146 -0.0184620935
-0.0128082521 0.000327207148
0.0518917702 0.0441848859
0.0223131031 -0.0235072393
0.0691971704 -0.02292661
0.0232381485 0.0322752967
-0.00681718625 0.0498393141
0.0703341439 0.0637344271
0.039562881 0.0164354518
0.0629732609 -0.0463500321
0.0166071095 -0.00479237735
-0.0423796177 0.0303521343
0.0360414535 0.0471235365
-0.0125092268 0.033009164
0.032099463 0.0319987945
0.158449054 -0.0106335077
0.00829822477 -0.0366224833
-0.044689998 0.032699395
0.0388048328 0.00596676394
-0.0417233519 -0.00117269717
-0.028406553 0.0289617721
0.0257208031 0.00930827856
-0.0677725151 0.0063374429
-0.0997716561 0.0396159776
0.0507266968 0.0076400321
0.0714213699 -0.0277306717
-0.0563170202 -0.039875906
-0.00561608002 -0.0331983231
0.00306571275 0.0314173847
-0.0482884273 -0.00860983878
-0.0229331702 -0.02276114
0.0265300721 -0.0257974677
0.0598024279 0.0484495796
-0.00968009979 0.0571478717
-0.0582069308 -0.0337679796
-0.054244563 -0.00690299459
0.0240233913 -0.0704615563
0.0170789137 -0.00526550971
0.00936322287 -0.0233833976
0.100276232 0.00920726359
0.00517478026 0.0327090584
0.00986813195 -0.0959583372
0.0334078558 0.08366777
-0.0217710808 0.0568707958
0.0256258659 0.0262927637
0.00133060711 0.0243745279
0.0128879827 -0.0305949394
0.0420409516 0.0196429621
0.00776039623 -0.0344234407
-0.0372223854 0.0543290786
-0.00171568058 0.0253418535
0.0101099936 -0.0382262468
