224
127
246
110
80
7
103
126
188
54
206
147
20
202
186
171
187
47
16
220
197
31
31
151
53
13
153
182
197
198
141
132
47
208
126
86
155
176
27
228
1
203
219
133
127
233
107
251
205
63
166
252
178
176
205
200
120
68
241
59
150
221
178
208
109
238
38
133
21
71
124
89
226
9
149
241
221
200
238
75
78
75
44
107
91
23
201
188
120
80
218
36
232
181
14
132
88
223
220
234
152
185
63
253
84
100
117
145
223
163
197
90
135
71
107
201
88
216
195
224
190
252
82
126
113
148
131
213
209
158
144
148
231
106
17
69
97
250
38
79
250
174
64
2
97
241
222
46
198
70
157
211
138
142
233
97
100
243
41
97
166
116
170
231
130
100
128
164
232
103
164
165
218
28
68
206
12
252
247
94
58
190
228
214
105
158
60
105
123
133
167
19
107
52
224
38
38
134
60
169
243
72
80
202
145
65
232
69
1
19
152
183
59
102
108
24
253
181
172
220
255
223
182
45
39
116
116
45
235
142
9
175
145
238
141
122
237
198
201
165
95
25
222
246
84
214
26
124
103
128
