0 0 0 0 -473 74
0 0 1 0 32771 7
0 0 2 0 -23126 -23164
0 0 3 0 -23178 -23178
0 0 4 0 23135 23185
0 0 5 0 23170 23174
0 0 6 0 23169 23151
0 0 7 0 -23189 23157
0 0 8 0 23119 23184
0 0 9 0 -23139 -23199
0 0 10 0 23093 23170
0 0 11 0 23193 23178
0 0 12 0 23171 23213
0 0 13 0 -23156 -23192
0 0 14 0 23201 23219
0 0 15 0 23166 23161
0 0 16 0 -23119 -23184
0 0 17 0 -23184 23153
0 0 18 0 -23215 23193
0 0 19 0 -23159 -23171
0 0 20 0 -23204 23166
0 0 21 0 23156 23181
0 0 22 0 23177 23188
0 0 23 0 -23125 23103
0 0 24 0 -23146 -23175
0 0 25 0 -23149 23168
0 0 26 0 23177 -23188
0 0 27 0 -23156 23158
0 0 28 0 23164 -23170
0 0 29 0 -23155 23127
0 0 30 0 23191 23165
0 0 31 0 23196 -23187
0 0 32 0 -23139 23142
0 0 33 0 32760 11
0 0 34 0 23176 -23166
0 0 35 0 23156 23162
0 0 36 0 23151 23156
0 0 37 0 23115 23156
0 0 38 0 23156 23171
0 0 39 0 23144 23171
0 0 40 0 23173 -23143
0 0 41 0 -23140 -23169
0 0 42 0 -23209 23147
0 0 43 0 -23173 23149
0 0 44 0 23212 -23155
0 0 45 0 23148 23193
0 0 46 0 23190 23160
0 0 47 0 23206 -23146
0 0 48 0 23164 -23171
0 0 49 0 -23174 -23143
0 0 50 0 23199 -23139
0 0 51 0 -23149 -23183
0 0 52 0 23186 -23165
0 0 53 0 23146 23171
0 0 54 0 -23182 23165
0 0 55 0 -23173 -23213
0 0 56 0 23159 -23153
0 0 57 0 23165 -23146
0 0 58 0 23146 -23128
0 0 59 0 -23135 -23220
0 0 60 0 -23160 23143
0 0 61 0 -23177 23178
0 0 62 0 23158 23180
0 0 63 0 23204 -23174
0 0 64 0 23181 -23180
0 0 65 0 32794 -5
0 0 66 0 23199 -23166
0 0 67 0 -23171 -23187
0 0 68 0 -23174 -23167
0 0 69 0 -23156 -23140
0 0 70 0 -23160 23152
0 0 71 0 23156 23163
0 0 72 0 23177 -23205
0 0 73 0 -23206 23166
0 0 74 0 -23176 23160
0 0 75 0 -23203 23179
0 0 76 0 23192 23195
0 0 77 0 -23180 23165
0 0 78 0 -23158 -23170
0 0 79 0 -23150 -23177
0 0 80 0 -23209 -23168
0 0 81 0 23154 -23150
0 0 82 0 23160 23178
0 0 83 0 23160 23180
0 0 84 0 -23145 -23209
0 0 85 0 -23156 23187
0 0 86 0 23178 23150
0 0 87 0 -23178 -23182
0 0 88 0 -23174 23157
0 0 89 0 -23182 -23167
0 0 90 0 23157 23197
0 0 91 0 -23150 23143
0 0 92 0 23157 23126
0 0 93 0 23173 23201
0 0 94 0 23141 23192
0 0 95 0 -23151 -23161
0 0 96 0 23179 23201
0 0 97 0 32782 -11
0 0 98 0 -23158 -23145
0 0 99 0 -23167 23197
0 0 100 0 -23183 23135
0 0 101 0 23158 -23172
0 0 102 0 23173 23193
0 0 103 0 -23156 23167
0 0 104 0 -23155 -23188
0 0 105 0 23188 23156
0 0 106 0 23151 23137
0 0 107 0 -23164 23163
0 0 108 0 -23192 23147
0 0 109 0 -23181 -23190
0 0 110 0 -23184 23157
0 0 111 0 23177 23175
0 0 112 0 -23156 -23181
0 0 113 0 -7 -30
0 0 114 0 -10 15
0 0 115 0 4 -12
0 0 116 0 -9 21
0 0 117 0 4 2
0 0 118 0 -7 -14
0 0 119 0 -18 -13
0 0 120 0 -12 -2
0 0 121 0 -29 4
0 0 122 0 21 3
0 0 123 0 -16 0
0 0 124 0 -26 10
0 0 125 0 -13 -2
0 0 126 0 -17 17
0 0 127 0 15 23
0 0 128 0 -8 -14
0 0 129 0 -45 -16
0 0 130 0 -27 -7
0 0 131 0 24 38
0 0 132 0 3 -25
0 0 133 0 1 -8
0 0 134 0 7 -13
0 0 135 0 7 34
0 0 136 0 21 -9
0 0 137 0 -1 -7
0 0 138 0 -28 2
0 0 139 0 12 33
0 0 140 0 -48 10
0 0 141 0 -15 12
0 0 142 0 -17 -2
0 0 143 0 24 0
0 0 144 0 -23212 23142
0 0 145 0 23233 -23183
0 0 146 0 23167 23180
0 0 147 0 23178 -23165
0 0 148 0 -23175 -23145
0 0 149 0 -23169 23183
0 0 150 0 23197 -23151
0 0 151 0 -23174 -23194
0 0 152 0 23147 23212
0 0 153 0 -23191 -23191
0 0 154 0 23157 23193
0 0 155 0 23203 23165
0 0 156 0 -23152 23139
0 0 157 0 -23136 23186
0 0 158 0 23113 23200
0 0 159 0 32760 -2
0 0 160 0 23169 -23150
0 0 161 0 23177 -23153
0 0 162 0 -23178 -23189
0 0 163 0 23170 23211
0 0 164 0 -23162 -23158
0 0 165 0 -23151 23144
0 0 166 0 23153 23188
0 0 167 0 23170 23187
0 0 168 0 23152 23166
0 0 169 0 -23169 -23165
0 0 170 0 23181 -23194
0 0 171 0 23155 -23190
0 0 172 0 -23140 -23214
0 0 173 0 -23154 23147
0 0 174 0 23174 -23151
0 0 175 0 -23189 23146
0 0 176 0 23172 -23183
0 0 177 0 -23173 23150
0 0 178 0 -23175 23146
0 0 179 0 -23128 -23154
0 0 180 0 23203 -23214
0 0 181 0 23150 -23179
0 0 182 0 23152 23162
0 0 183 0 -23166 -23167
0 0 184 0 23161 23142
0 0 185 0 -23148 23161
0 0 186 0 23162 23140
0 0 187 0 23176 -23120
0 0 188 0 -23180 23166
0 0 189 0 -23169 -23145
0 0 190 0 23197 -23169
0 0 191 0 32781 6
0 0 192 0 23197 -23148
0 0 193 0 -23161 -23170
0 0 194 0 23193 23191
0 0 195 0 23149 23175
0 0 196 0 -23155 23156
0 0 197 0 23196 23203
0 0 198 0 23162 23160
0 0 199 0 23143 -23166
0 0 200 0 -23154 -23202
0 0 201 0 -23143 -23168
0 0 202 0 -23161 -23183
0 0 203 0 23147 -23162
0 0 204 0 23155 23154
0 0 205 0 -23190 23155
0 0 206 0 -23184 23189
0 0 207 0 23166 23163
0 0 208 0 23201 -23141
0 0 209 0 -23182 23149
0 0 210 0 23177 -23163
0 0 211 0 -23184 23165
0 0 212 0 -23142 23165
0 0 213 0 -23168 -23189
0 0 214 0 -23161 23158
0 0 215 0 23143 23181
0 0 216 0 -23144 23144
0 0 217 0 23162 23194
0 0 218 0 -23165 -23179
0 0 219 0 -23177 23159
0 0 220 0 23144 23176
0 0 221 0 23157 23145
0 0 222 0 23145 -23126
0 0 223 0 32773 23
0 0 224 0 -23169 -23165
0 0 225 0 23160 23166
0 0 226 0 23168 -23146
0 0 227 0 -23176 -23178
0 0 228 0 -23180 -23181
0 0 229 0 23184 -23182
0 0 230 0 23155 -23196
0 0 231 0 -23174 23181
0 0 232 0 23192 23143
0 0 233 0 -23170 -23189
0 0 234 0 -23216 23183
0 0 235 0 23167 -23135
0 0 236 0 23167 -23165
0 0 237 0 -23178 23167
0 0 238 0 23178 -23155
0 0 239 0 -23153 -23178
0 0 240 0 23175 23167
0 0 241 0 -23205 23155
0 0 242 0 -23172 23168
0 0 243 0 23165 23217
0 0 244 0 23164 23151
0 0 245 0 -23179 -23166
0 0 246 0 -23203 23153
0 0 247 0 23168 23195
0 0 248 0 23185 23187
0 0 249 0 23188 -23140
0 0 250 0 23177 23185
0 0 251 0 -23149 -23159
0 0 252 0 -23143 23131
0 0 253 0 23189 -23143
0 0 254 0 23156 23184
0 0 255 0 32762 -1
0 1 0 1 -437 63
0 1 1 1 32791 0
0 1 2 1 -32781 -9
0 1 3 1 -32752 -29
0 1 4 1 32809 33
0 1 5 1 32725 49
0 1 6 1 32742 0
0 1 7 1 -32766 -15
0 1 8 1 -32739 8
0 1 9 1 -32756 17
0 1 10 1 32788 19
0 1 11 1 -32791 -34
0 1 12 1 -32749 3
0 1 13 1 32768 0
0 1 14 1 -32746 8
0 1 15 1 -32758 0
0 1 16 1 -32788 8
0 1 17 1 -32755 -61
0 1 18 1 32743 -10
0 1 19 1 32758 -21
0 1 20 1 32762 1
0 1 21 1 -32784 19
0 1 22 1 32754 6
0 1 23 1 -32754 57
0 1 24 1 32709 -23
0 1 25 1 -32749 -7
0 1 26 1 32772 -1
0 1 27 1 32757 28
0 1 28 1 32744 -20
0 1 29 1 32756 37
0 1 30 1 -32765 -43
0 1 31 1 -32768 5
0 1 32 1 -32801 18
0 1 33 1 32751 -7
0 1 34 1 32754 1
0 1 35 1 32773 19
0 1 36 1 32766 -3
0 1 37 1 -32775 -45
0 1 38 1 -32773 -18
0 1 39 1 -32773 -25
0 1 40 1 -32764 -30
0 1 41 1 -32746 -11
0 1 42 1 32747 -22
0 1 43 1 -32773 -34
0 1 44 1 -32754 0
0 1 45 1 32744 61
0 1 46 1 32770 28
0 1 47 1 -32759 8
0 1 48 1 32718 -1
0 1 49 1 -32773 -28
0 1 50 1 -32742 31
0 1 51 1 -32756 -10
0 1 52 1 -32771 -13
0 1 53 1 -32767 -48
0 1 54 1 -32764 -29
0 1 55 1 -32788 -8
0 1 56 1 32746 0
0 1 57 1 -32751 -9
0 1 58 1 -32770 -13
0 1 59 1 32746 -33
0 1 60 1 32770 11
0 1 61 1 32756 -11
0 1 62 1 32738 3
0 1 63 1 -32747 -44
0 1 64 1 -32747 -28
0 1 65 1 32761 26
0 1 66 1 32761 0
0 1 67 1 32801 -7
0 1 68 1 32758 -7
0 1 69 1 32731 30
0 1 70 1 -32759 1
0 1 71 1 -32773 -20
0 1 72 1 -32792 -31
0 1 73 1 32767 76
0 1 74 1 -32742 -29
0 1 75 1 32786 24
0 1 76 1 32792 -5
0 1 77 1 32768 -10
0 1 78 1 32766 40
0 1 79 1 32791 4
0 1 80 1 -32804 19
0 1 81 1 32752 19
0 1 82 1 -32774 -22
0 1 83 1 32760 25
0 1 84 1 -32757 -43
0 1 85 1 32755 -5
0 1 86 1 -32796 -15
0 1 87 1 -32760 -10
0 1 88 1 -32746 -1
0 1 89 1 -32770 32
0 1 90 1 -32776 -20
0 1 91 1 -32786 -26
0 1 92 1 32772 14
0 1 93 1 -32747 -2
0 1 94 1 32761 25
0 1 95 1 32781 28
0 1 96 1 -32781 -39
0 1 97 1 32773 35
0 1 98 1 32775 30
0 1 99 1 32777 15
0 1 100 1 32757 32
0 1 101 1 32774 0
0 1 102 1 32766 1
0 1 103 1 32748 15
0 1 104 1 32731 10
0 1 105 1 32791 27
0 1 106 1 -32762 18
0 1 107 1 -32754 -11
0 1 108 1 -32753 3
0 1 109 1 -32766 15
0 1 110 1 32772 -1
0 1 111 1 -32804 -9
0 1 112 1 32771 27
0 1 113 1 24 -27
0 1 114 1 12 1
0 1 115 1 -12 -7
0 1 116 1 -3 13
0 1 117 1 -9 -24
0 1 118 1 12 -1
0 1 119 1 16 -3
0 1 120 1 -19 -2
0 1 121 1 -15 0
0 1 122 1 -29 19
0 1 123 1 -19 -7
0 1 124 1 2 12
0 1 125 1 16 -5
0 1 126 1 30 -8
0 1 127 1 19 -26
0 1 128 1 -9 30
0 1 129 1 6 15
0 1 130 1 8 -6
0 1 131 1 17 -6
0 1 132 1 11 -5
0 1 133 1 -21 -19
0 1 134 1 2 -11
0 1 135 1 -8 28
0 1 136 1 0 -11
0 1 137 1 -25 15
0 1 138 1 -7 -15
0 1 139 1 -9 20
0 1 140 1 -6 9
0 1 141 1 -14 -27
0 1 142 1 -31 -15
0 1 143 1 -12 -10
0 1 144 1 -32776 -21
0 1 145 1 -32750 1
0 1 146 1 -32765 -15
0 1 147 1 -32822 -33
0 1 148 1 32769 41
0 1 149 1 -32774 16
0 1 150 1 -32754 -32
0 1 151 1 -32768 10
0 1 152 1 32722 32
0 1 153 1 32753 29
0 1 154 1 -32779 0
0 1 155 1 32772 -5
0 1 156 1 -32792 2
0 1 157 1 -32775 -32
0 1 158 1 32756 -5
0 1 159 1 32791 -8
0 1 160 1 32743 3
0 1 161 1 32761 10
0 1 162 1 32777 -3
0 1 163 1 -32769 18
0 1 164 1 32735 9
0 1 165 1 32767 15
0 1 166 1 -32763 -10
0 1 167 1 -32769 -12
0 1 168 1 32745 -4
0 1 169 1 -32760 -33
0 1 170 1 -32804 -7
0 1 171 1 32784 24
0 1 172 1 -32756 3
0 1 173 1 32775 16
0 1 174 1 32786 42
0 1 175 1 32743 40
0 1 176 1 -32792 1
0 1 177 1 -32757 -10
0 1 178 1 32777 -15
0 1 179 1 32759 53
0 1 180 1 -32795 -38
0 1 181 1 32734 21
0 1 182 1 -32791 3
0 1 183 1 -32762 0
0 1 184 1 32780 54
0 1 185 1 -32716 6
0 1 186 1 32780 32
0 1 187 1 -32746 -7
0 1 188 1 -32770 -31
0 1 189 1 -32779 -34
0 1 190 1 32758 14
0 1 191 1 32750 17
0 1 192 1 -32799 -17
0 1 193 1 -32783 -5
0 1 194 1 -32750 -10
0 1 195 1 -32778 -2
0 1 196 1 32762 0
0 1 197 1 32774 -17
0 1 198 1 -32767 -17
0 1 199 1 -32746 -22
0 1 200 1 -32792 -1
0 1 201 1 32809 -2
0 1 202 1 32764 20
0 1 203 1 -32778 -14
0 1 204 1 32759 26
0 1 205 1 -32776 -18
0 1 206 1 -32796 -25
0 1 207 1 32785 7
0 1 208 1 -32766 1
0 1 209 1 -32779 -18
0 1 210 1 32757 35
0 1 211 1 -32760 -8
0 1 212 1 -32770 -10
0 1 213 1 32802 -4
0 1 214 1 32784 21
0 1 215 1 -32786 -3
0 1 216 1 -32781 -21
0 1 217 1 32772 33
0 1 218 1 -32765 -35
0 1 219 1 32773 77
0 1 220 1 -32738 -35
0 1 221 1 32794 43
0 1 222 1 32759 36
0 1 223 1 32768 3
0 1 224 1 -32792 25
0 1 225 1 32755 32
0 1 226 1 -32791 11
0 1 227 1 -32741 -53
0 1 228 1 -32755 -25
0 1 229 1 -32745 -22
0 1 230 1 -32731 -10
0 1 231 1 -32751 29
0 1 232 1 -32788 -2
0 1 233 1 -32781 -33
0 1 234 1 32762 54
0 1 235 1 -32767 -17
0 1 236 1 32737 21
0 1 237 1 32750 32
0 1 238 1 -32761 5
0 1 239 1 32779 -1
0 1 240 1 -32754 -10
0 1 241 1 32779 2
0 1 242 1 -32746 -43
0 1 243 1 32745 20
0 1 244 1 32745 48
0 1 245 1 -32742 4
0 1 246 1 32781 60
0 1 247 1 32774 17
0 1 248 1 -32804 -21
0 1 249 1 32762 -18
0 1 250 1 32773 -23
0 1 251 1 -32780 1
0 1 252 1 -32776 -15
0 1 253 1 -32783 -14
0 1 254 1 32763 42
0 1 255 1 32754 -4
0 2 0 1 -497 74
0 2 1 1 32785 26
0 2 2 1 32796 24
0 2 3 1 32760 -2
0 2 4 1 -32765 -2
0 2 5 1 -32760 12
0 2 6 1 32782 33
0 2 7 1 -32779 -13
0 2 8 1 -32818 -18
0 2 9 1 -32788 18
0 2 10 1 -32766 -22
0 2 11 1 32784 28
0 2 12 1 32785 0
0 2 13 1 32775 -10
0 2 14 1 -32754 -29
0 2 15 1 -32790 -26
0 2 16 1 32771 24
0 2 17 1 -32767 -73
0 2 18 1 32776 35
0 2 19 1 32768 -2
0 2 20 1 32765 0
0 2 21 1 -32769 0
0 2 22 1 -32769 8
0 2 23 1 -32736 -32
0 2 24 1 -32771 -12
0 2 25 1 32758 15
0 2 26 1 32760 15
0 2 27 1 -32793 -24
0 2 28 1 32765 36
0 2 29 1 -32753 -17
0 2 30 1 -32750 -8
0 2 31 1 32779 33
0 2 32 1 -32767 2
0 2 33 1 32769 -2
0 2 34 1 -32761 -7
0 2 35 1 -32745 -16
0 2 36 1 -32780 21
0 2 37 1 32764 26
0 2 38 1 32755 3
0 2 39 1 -32752 12
0 2 40 1 32782 -6
0 2 41 1 -32763 -3
0 2 42 1 32787 12
0 2 43 1 -32787 -16
0 2 44 1 32726 -28
0 2 45 1 32758 30
0 2 46 1 -32766 0
0 2 47 1 32773 24
0 2 48 1 -32754 -28
0 2 49 1 -32750 -5
0 2 50 1 -32749 -1
0 2 51 1 -32733 3
0 2 52 1 -32791 0
0 2 53 1 32760 25
0 2 54 1 32718 22
0 2 55 1 -32737 -15
0 2 56 1 32775 21
0 2 57 1 -32765 4
0 2 58 1 -32780 18
0 2 59 1 -32750 -5
0 2 60 1 -32781 -25
0 2 61 1 -32780 -26
0 2 62 1 32751 -14
0 2 63 1 -32745 -9
0 2 64 1 -32794 -6
0 2 65 1 32779 -12
0 2 66 1 32786 42
0 2 67 1 32780 33
0 2 68 1 32731 35
0 2 69 1 32781 -26
0 2 70 1 -32781 -13
0 2 71 1 -32793 7
0 2 72 1 32726 29
0 2 73 1 32765 29
0 2 74 1 -32751 25
0 2 75 1 32777 24
0 2 76 1 -32780 9
0 2 77 1 32779 25
0 2 78 1 32740 0
0 2 79 1 32778 10
0 2 80 1 -32760 -15
0 2 81 1 32747 -38
0 2 82 1 -32780 19
0 2 83 1 32780 64
0 2 84 1 32752 50
0 2 85 1 -32787 -14
0 2 86 1 -32764 -18
0 2 87 1 -32781 4
0 2 88 1 -32761 5
0 2 89 1 -32729 -24
0 2 90 1 -32759 -4
0 2 91 1 -32775 -7
0 2 92 1 -32772 -27
0 2 93 1 -32761 -7
0 2 94 1 32779 -23
0 2 95 1 32738 -6
0 2 96 1 32759 18
0 2 97 1 32746 2
0 2 98 1 -32774 0
0 2 99 1 32758 15
0 2 100 1 32771 21
0 2 101 1 -32774 -34
0 2 102 1 32769 38
0 2 103 1 32742 24
0 2 104 1 -32742 -24
0 2 105 1 -32807 2
0 2 106 1 -32722 -53
0 2 107 1 -32754 1
0 2 108 1 32730 -32
0 2 109 1 -32763 -8
0 2 110 1 32760 23
0 2 111 1 32759 5
0 2 112 1 -32783 -15
0 2 113 1 -1 -11
0 2 114 1 -6 6
0 2 115 1 16 -8
0 2 116 1 25 -14
0 2 117 1 6 11
0 2 118 1 -12 56
0 2 119 1 16 -18
0 2 120 1 -10 -19
0 2 121 1 -10 15
0 2 122 1 14 -41
0 2 123 1 -5 -3
0 2 124 1 -26 14
0 2 125 1 -12 -9
0 2 126 1 -14 49
0 2 127 1 33 -5
0 2 128 1 -2 10
0 2 129 1 -25 0
0 2 130 1 4 -20
0 2 131 1 0 -2
0 2 132 1 25 0
0 2 133 1 -4 -19
0 2 134 1 11 1
0 2 135 1 -7 30
0 2 136 1 9 -8
0 2 137 1 5 -15
0 2 138 1 12 11
0 2 139 1 3 30
0 2 140 1 -38 48
0 2 141 1 14 -4
0 2 142 1 -3 -10
0 2 143 1 1 -1
0 2 144 1 32753 -29
0 2 145 1 -32763 -51
0 2 146 1 -32778 17
0 2 147 1 32760 -1
0 2 148 1 32769 11
0 2 149 1 -32775 -14
0 2 150 1 -32754 -22
0 2 151 1 -32772 -27
0 2 152 1 32777 24
0 2 153 1 32761 9
0 2 154 1 32755 8
0 2 155 1 32734 14
0 2 156 1 -32804 -11
0 2 157 1 32762 5
0 2 158 1 32783 13
0 2 159 1 32779 15
0 2 160 1 -32782 -12
0 2 161 1 -32754 -24
0 2 162 1 32748 3
0 2 163 1 32799 -4
0 2 164 1 -32745 -24
0 2 165 1 -32754 -23
0 2 166 1 32764 11
0 2 167 1 -32784 11
0 2 168 1 -32803 -44
0 2 169 1 32747 22
0 2 170 1 -32769 -7
0 2 171 1 -32738 0
0 2 172 1 32745 -3
0 2 173 1 -32800 -17
0 2 174 1 -32771 -7
0 2 175 1 32792 18
0 2 176 1 -32779 -2
0 2 177 1 32757 18
0 2 178 1 -32786 -3
0 2 179 1 32747 15
0 2 180 1 -32768 -7
0 2 181 1 -32778 -19
0 2 182 1 -32807 -2
0 2 183 1 -32773 2
0 2 184 1 32784 -7
0 2 185 1 -32764 -14
0 2 186 1 -32751 -14
0 2 187 1 32755 -9
0 2 188 1 -32775 -42
0 2 189 1 32782 9
0 2 190 1 32791 15
0 2 191 1 32788 -2
0 2 192 1 32774 7
0 2 193 1 32746 24
0 2 194 1 -32782 1
0 2 195 1 -32750 39
0 2 196 1 32789 24
0 2 197 1 -32781 2
0 2 198 1 32776 -5
0 2 199 1 -32761 -9
0 2 200 1 32768 -30
0 2 201 1 32766 26
0 2 202 1 -32781 0
0 2 203 1 -32744 -56
0 2 204 1 -32766 -20
0 2 205 1 32742 9
0 2 206 1 32746 -11
0 2 207 1 -32768 6
0 2 208 1 32742 36
0 2 209 1 32731 0
0 2 210 1 -32780 -5
0 2 211 1 -32762 -2
0 2 212 1 -32770 -12
0 2 213 1 -32761 -12
0 2 214 1 32764 -20
0 2 215 1 32753 43
0 2 216 1 -32785 3
0 2 217 1 -32744 -6
0 2 218 1 -32781 -19
0 2 219 1 -32698 35
0 2 220 1 -32764 -19
0 2 221 1 32782 2
0 2 222 1 32789 3
0 2 223 1 32776 24
0 2 224 1 -32753 3
0 2 225 1 32758 10
0 2 226 1 32779 37
0 2 227 1 32786 -3
0 2 228 1 -32768 -24
0 2 229 1 -32779 14
0 2 230 1 32772 3
0 2 231 1 32780 6
0 2 232 1 -32771 -24
0 2 233 1 -32754 -31
0 2 234 1 32766 -3
0 2 235 1 32775 23
0 2 236 1 -32764 -22
0 2 237 1 32767 16
0 2 238 1 -32774 -37
0 2 239 1 32779 -17
0 2 240 1 32777 14
0 2 241 1 32760 -18
0 2 242 1 -32739 -33
0 2 243 1 32778 -10
0 2 244 1 -32792 1
0 2 245 1 32780 29
0 2 246 1 32749 43
0 2 247 1 32756 7
0 2 248 1 32759 31
0 2 249 1 -32788 22
0 2 250 1 32767 55
0 2 251 1 -32765 -1
0 2 252 1 -32790 -19
0 2 253 1 -32795 3
0 2 254 1 -32770 -7
0 2 255 1 32784 0
0 3 0 2 -470 103
0 3 1 2 32730 36
0 3 2 2 -23184 23182
0 3 3 2 23192 -23166
0 3 4 2 -23177 -23182
0 3 5 2 -23151 23168
0 3 6 2 23157 23140
0 3 7 2 -23169 -23179
0 3 8 2 -23146 -23196
0 3 9 2 23198 -23187
0 3 10 2 23160 23163
0 3 11 2 23205 -23129
0 3 12 2 23209 -23143
0 3 13 2 -23172 23148
0 3 14 2 -23188 -23164
0 3 15 2 -23182 -23204
0 3 16 2 23204 23173
0 3 17 2 23163 -23172
0 3 18 2 23173 -23167
0 3 19 2 -23163 -23166
0 3 20 2 23162 -23148
0 3 21 2 -23205 23130
0 3 22 2 -23129 -23181
0 3 23 2 -23182 23136
0 3 24 2 23169 -23176
0 3 25 2 23140 23185
0 3 26 2 -23175 -23192
0 3 27 2 23152 -23171
0 3 28 2 23148 23207
0 3 29 2 23161 23200
0 3 30 2 23172 -23154
0 3 31 2 -23187 -23149
0 3 32 2 -23134 -23167
0 3 33 2 32731 6
0 3 34 2 -23177 -23191
0 3 35 2 23214 -23181
0 3 36 2 23138 -23160
0 3 37 2 -23149 -23200
0 3 38 2 23158 23146
0 3 39 2 23174 23142
0 3 40 2 23178 -23164
0 3 41 2 23179 -23168
0 3 42 2 23164 23164
0 3 43 2 23187 -23160
0 3 44 2 -23162 -23186
0 3 45 2 23161 23199
0 3 46 2 23223 -23146
0 3 47 2 -23189 23158
0 3 48 2 -23179 23184
0 3 49 2 23193 -23174
0 3 50 2 23126 23174
0 3 51 2 -23174 23177
0 3 52 2 -23190 23151
0 3 53 2 23160 -23194
0 3 54 2 23192 23178
0 3 55 2 23192 23171
0 3 56 2 23147 23161
0 3 57 2 23180 -23148
0 3 58 2 23166 -23193
0 3 59 2 23181 23194
0 3 60 2 -23183 23168
0 3 61 2 23146 23165
0 3 62 2 23182 23157
0 3 63 2 -23159 -23183
0 3 64 2 -23176 23165
0 3 65 2 32754 34
0 3 66 2 23157 -23146
0 3 67 2 -23136 23157
0 3 68 2 23178 -23162
0 3 69 2 -23169 23184
0 3 70 2 -23173 -23158
0 3 71 2 -23164 23180
0 3 72 2 -23148 -23154
0 3 73 2 23177 23161
0 3 74 2 23206 -23178
0 3 75 2 23141 23190
0 3 76 2 -23152 -23167
0 3 77 2 -23181 23159
0 3 78 2 23145 -23128
0 3 79 2 -23170 -23204
0 3 80 2 -23139 -23182
0 3 81 2 -23160 23156
0 3 82 2 -23161 -23202
0 3 83 2 23178 -23147
0 3 84 2 23163 23163
0 3 85 2 23169 23190
0 3 86 2 -23183 23190
0 3 87 2 23179 -23160
0 3 88 2 -23124 -23151
0 3 89 2 23152 -23172
0 3 90 2 23134 23142
0 3 91 2 -23175 -23167
0 3 92 2 23188 -23150
0 3 93 2 -23181 23125
0 3 94 2 23136 -23173
0 3 95 2 23202 23168
0 3 96 2 23186 23145
0 3 97 2 32763 6
0 3 98 2 -23171 23166
0 3 99 2 23168 -23143
0 3 100 2 23182 -23172
0 3 101 2 -23172 -23159
0 3 102 2 23202 23185
0 3 103 2 23173 23183
0 3 104 2 -23171 23192
0 3 105 2 23205 -23173
0 3 106 2 23169 -23152
0 3 107 2 23177 -23148
0 3 108 2 -23174 23161
0 3 109 2 23207 -23149
0 3 110 2 23170 23180
0 3 111 2 23146 -23152
0 3 112 2 23188 -23151
0 3 113 2 33 3
0 3 114 2 20 10
0 3 115 2 -1 -8
0 3 116 2 25 -12
0 3 117 2 26 -2
0 3 118 2 0 0
0 3 119 2 4 0
0 3 120 2 -20 25
0 3 121 2 41 -6
0 3 122 2 -9 4
0 3 123 2 -9 24
0 3 124 2 11 10
0 3 125 2 10 15
0 3 126 2 -17 0
0 3 127 2 -37 -2
0 3 128 2 1 0
0 3 129 2 -4 -18
0 3 130 2 -18 -9
0 3 131 2 20 4
0 3 132 2 -26 -23
0 3 133 2 -9 -14
0 3 134 2 -19 -7
0 3 135 2 -12 20
0 3 136 2 -20 2
0 3 137 2 13 16
0 3 138 2 4 16
0 3 139 2 1 -7
0 3 140 2 0 -7
0 3 141 2 -20 6
0 3 142 2 22 -15
0 3 143 2 20 -6
0 3 144 2 -23139 23129
0 3 145 2 -23206 23150
0 3 146 2 23151 -23167
0 3 147 2 23173 23147
0 3 148 2 -23160 -23161
0 3 149 2 23189 -23173
0 3 150 2 -23144 -23191
0 3 151 2 -23190 23182
0 3 152 2 -23173 23186
0 3 153 2 23179 -23160
0 3 154 2 -23196 23162
0 3 155 2 -23155 -23161
0 3 156 2 23163 23205
0 3 157 2 23176 23185
0 3 158 2 -23172 23193
0 3 159 2 32774 4
0 3 160 2 -23179 23187
0 3 161 2 -23156 -23182
0 3 162 2 -23156 23188
0 3 163 2 -23201 23159
0 3 164 2 23199 -23158
0 3 165 2 23160 23182
0 3 166 2 23147 23176
0 3 167 2 23164 23189
0 3 168 2 23190 -23168
0 3 169 2 -23199 23142
0 3 170 2 -23129 23193
0 3 171 2 -23136 23160
0 3 172 2 -23176 23193
0 3 173 2 -23163 -23173
0 3 174 2 23151 23157
0 3 175 2 -23187 23141
0 3 176 2 23132 -23157
0 3 177 2 23152 23166
0 3 178 2 23162 -23137
0 3 179 2 -23181 23173
0 3 180 2 23151 -23172
0 3 181 2 -23162 -23195
0 3 182 2 23155 -23157
0 3 183 2 -23178 23164
0 3 184 2 -23180 23193
0 3 185 2 23126 -23142
0 3 186 2 23179 -23162
0 3 187 2 23207 -23159
0 3 188 2 -23141 -23153
0 3 189 2 23187 -23102
0 3 190 2 23183 23149
0 3 191 2 32759 -1
0 3 192 2 23204 -23155
0 3 193 2 23152 23186
0 3 194 2 -23181 23155
0 3 195 2 23133 23158
0 3 196 2 -23195 23180
0 3 197 2 23138 -23141
0 3 198 2 -23168 23171
0 3 199 2 23162 -23145
0 3 200 2 -23171 23161
0 3 201 2 -23168 -23162
0 3 202 2 23185 -23176
0 3 203 2 23185 -23177
0 3 204 2 -23193 23165
0 3 205 2 -23178 23160
0 3 206 2 23184 -23164
0 3 207 2 -23193 23154
0 3 208 2 -23177 -23188
0 3 209 2 23178 -23165
0 3 210 2 -23202 23168
0 3 211 2 23108 23191
0 3 212 2 23145 23177
0 3 213 2 -23152 -23184
0 3 214 2 23204 23142
0 3 215 2 23158 -23202
0 3 216 2 -23149 -23133
0 3 217 2 23192 -23128
0 3 218 2 23156 23168
0 3 219 2 23148 23174
0 3 220 2 -23195 23158
0 3 221 2 -23162 23173
0 3 222 2 23149 23170
0 3 223 2 32771 0
0 3 224 2 -23176 23154
0 3 225 2 -23202 23172
0 3 226 2 -23194 23154
0 3 227 2 23215 -23166
0 3 228 2 -23194 -23149
0 3 229 2 23150 23164
0 3 230 2 -23169 -23213
0 3 231 2 23172 -23164
0 3 232 2 -23190 23206
0 3 233 2 23198 -23158
0 3 234 2 23184 -23191
0 3 235 2 23162 -23144
0 3 236 2 23129 -23151
0 3 237 2 -23175 -23140
0 3 238 2 23167 -23150
0 3 239 2 -23192 -23164
0 3 240 2 23198 -23160
0 3 241 2 23162 23177
0 3 242 2 23183 -23194
0 3 243 2 -23168 23136
0 3 244 2 -23146 23126
0 3 245 2 -23140 23204
0 3 246 2 23169 23159
0 3 247 2 -23175 23156
0 3 248 2 -23195 23192
0 3 249 2 23174 -23183
0 3 250 2 -23151 23148
0 3 251 2 -23175 -23177
0 3 252 2 23145 -23151
0 3 253 2 -23162 -23173
0 3 254 2 23138 23145
0 3 255 2 32780 29
