0 1 0 1 1 0 0 0 0 0 0
0 1 1 1 1 0 0 0 0 0 0
0 1 2 1 1 -1 0 0 0 0 0
0 1 3 1 1 -1 0 0 0 0 0
0 1 4 1 1 -1 0 0 0 0 0
0 1 5 1 1 0 0 0 0 0 0
0 1 6 1 1 0 0 0 0 0 0
0 1 7 1 1 0 0 0 0 0 0
0 1 8 1 1 0 0 0 0 0 0
0 1 9 1 1 0 0 0 0 0 0
0 1 10 1 1 -1 0 0 0 0 0
0 1 11 1 1 0 0 0 0 0 0
0 1 12 1 1 0 0 0 0 0 0
0 1 13 1 1 -1 0 0 0 0 0
0 1 14 1 1 0 0 0 0 0 0
0 1 15 1 1 0 0 0 0 0 0
0 1 16 1 1 -1 0 0 0 0 0
0 1 17 1 1 0 0 0 0 0 0
0 1 18 1 1 -1 0 0 0 0 0
0 1 19 1 1 -1 0 0 0 0 0
0 1 20 1 1 -1 0 0 0 0 0
0 1 21 1 1 -1 0 0 0 0 0
0 1 22 1 1 0 0 0 0 0 0
0 1 23 1 1 -1 0 0 0 0 0
0 1 24 1 1 0 0 0 0 0 0
0 1 25 1 1 -1 0 0 0 0 0
0 1 26 1 1 -1 0 0 0 0 0
0 1 27 1 1 -1 0 0 0 0 0
0 1 28 1 1 0 0 0 0 0 0
0 1 29 1 1 -1 0 0 0 0 0
0 1 30 1 1 0 0 0 0 0 0
0 1 31 1 1 -1 0 0 0 0 0
0 1 32 1 1 0 0 0 0 0 0
0 1 33 1 1 -1 0 0 0 0 0
0 1 34 1 1 -1 0 0 0 0 0
0 1 35 1 1 -1 0 0 0 0 0
0 1 36 1 1 0 0 0 0 0 0
0 1 37 1 1 0 0 0 0 0 0
0 1 38 1 1 0 0 0 0 0 0
0 1 39 1 1 -1 0 0 0 0 0
0 1 40 1 1 0 0 0 0 0 0
0 1 41 1 1 0 0 0 0 0 0
0 1 42 1 1 0 0 0 0 0 0
0 1 43 1 1 0 0 0 0 0 0
0 1 44 1 1 -1 0 0 0 0 0
0 1 45 1 1 -1 0 0 0 0 0
0 1 46 1 1 -1 0 0 0 0 0
0 1 47 1 1 -1 0 0 0 0 0
0 1 48 1 1 -1 0 0 0 0 0
0 1 49 1 1 -1 0 0 0 0 0
0 1 50 1 1 0 0 0 0 0 0
0 1 51 1 1 -1 0 0 0 0 0
0 1 52 1 1 -1 0 0 0 0 0
0 1 53 1 1 0 0 0 0 0 0
0 1 54 1 1 -1 0 0 0 0 0
0 1 55 1 1 0 0 0 0 0 0
0 1 56 1 1 0 0 0 0 0 0
0 1 57 1 1 -1 0 0 0 0 0
0 1 58 1 1 0 0 0 0 0 0
0 1 59 1 1 -1 0 0 0 0 0
0 1 60 1 1 -1 0 0 0 0 0
0 1 61 1 1 0 0 0 0 0 0
0 1 62 1 1 0 0 0 0 0 0
0 1 63 1 1 0 0 0 0 0 0
0 1 64 1 1 -1 0 0 0 0 0
0 1 65 1 1 0 0 0 0 0 0
0 1 66 1 1 0 0 0 0 0 0
0 1 67 1 1 0 0 0 0 0 0
0 1 68 1 1 0 0 0 0 0 0
0 1 69 1 1 -1 0 0 0 0 0
0 1 70 1 1 -1 0 0 0 0 0
0 1 71 1 1 -1 0 0 0 0 0
0 1 72 1 1 -1 0 0 0 0 0
0 1 73 1 1 -1 0 0 0 0 0
0 1 74 1 1 0 0 0 0 0 0
0 1 75 1 1 -1 0 0 0 0 0
0 1 76 1 1 -1 0 0 0 0 0
0 1 77 1 1 0 0 0 0 0 0
0 1 78 1 1 -1 0 0 0 0 0
0 1 79 1 1 -1 0 0 0 0 0
0 1 80 1 1 0 0 0 0 0 0
0 1 81 1 1 -1 0 0 0 0 0
0 1 82 1 1 0 0 0 0 0 0
0 1 83 1 1 0 0 0 0 0 0
0 1 84 1 1 0 0 0 0 0 0
0 1 85 1 1 0 0 0 0 0 0
0 1 86 1 1 0 0 0 0 0 0
0 1 87 1 1 -1 0 0 0 0 0
0 1 88 1 1 -1 0 0 0 0 0
0 1 89 1 1 0 0 0 0 0 0
0 1 90 1 1 0 0 0 0 0 0
0 1 91 1 1 0 0 0 0 0 0
0 1 92 1 1 -1 0 0 0 0 0
0 1 93 1 1 -1 0 0 0 0 0
0 1 94 1 1 0 0 0 0 0 0
0 1 95 1 1 -1 0 0 0 0 0
0 1 96 1 1 -1 0 0 0 0 0
0 1 97 1 1 -1 0 0 0 0 0
0 1 98 1 1 -1 0 0 0 0 0
0 1 99 1 1 0 0 0 0 0 0
0 1 100 1 1 -1 0 0 0 0 0
0 1 101 1 1 0 0 0 0 0 0
0 1 102 1 1 0 0 0 0 0 0
0 1 103 1 1 0 0 0 0 0 0
0 1 104 1 1 0 0 0 0 0 0
0 1 105 1 1 0 0 0 0 0 0
0 1 106 1 1 0 0 0 0 0 0
0 1 107 1 1 0 0 0 0 0 0
0 1 108 1 1 -1 0 0 0 0 0
0 1 109 1 1 -1 0 0 0 0 0
0 1 110 1 1 0 0 0 0 0 0
0 1 111 1 1 -1 0 0 0 0 0
0 1 112 1 1 -1 0 0 0 0 0
0 1 113 1 1 0 0 0 0 0 0
0 1 114 1 1 -1 0 0 0 0 0
0 1 115 1 1 0 0 0 0 0 0
0 1 116 1 1 -1 0 0 0 0 0
0 1 117 1 1 0 0 0 0 0 0
0 1 118 1 1 -1 0 0 0 0 0
0 1 119 1 1 0 0 0 0 0 0
0 1 120 1 1 0 0 0 0 0 0
0 1 121 1 1 0 0 0 0 0 0
0 1 122 1 1 -1 0 0 0 0 0
0 1 123 1 1 0 0 0 0 0 0
0 1 124 1 1 0 0 0 0 0 0
0 1 125 1 1 -1 0 0 0 0 0
0 1 126 1 1 0 0 0 0 0 0
0 1 127 1 1 0 0 0 0 0 0
0 1 128 1 1 -1 0 0 0 0 0
0 1 129 1 1 -1 0 0 0 0 0
0 1 130 1 1 0 0 0 0 0 0
0 1 131 1 1 0 0 0 0 0 0
0 1 132 1 1 0 0 0 0 0 0
0 1 133 1 1 0 0 0 0 0 0
0 1 134 1 1 0 0 0 0 0 0
0 1 135 1 1 -1 0 0 0 0 0
0 1 136 1 1 -1 0 0 0 0 0
0 1 137 1 1 -1 0 0 0 0 0
0 1 138 1 1 0 0 0 0 0 0
0 1 139 1 1 0 0 0 0 0 0
0 1 140 1 1 0 0 0 0 0 0
0 1 141 1 1 0 0 0 0 0 0
0 1 142 1 1 0 0 0 0 0 0
0 1 143 1 1 -1 0 0 0 0 0
0 1 144 1 1 -1 0 0 0 0 0
0 1 145 1 1 0 0 0 0 0 0
0 1 146 1 1 0 0 0 0 0 0
0 1 147 1 1 0 0 0 0 0 0
0 1 148 1 1 0 0 0 0 0 0
0 1 149 1 1 0 0 0 0 0 0
0 1 150 1 1 0 0 0 0 0 0
0 1 151 1 1 -1 0 0 0 0 0
0 1 152 1 1 0 0 0 0 0 0
0 1 153 1 1 -1 0 0 0 0 0
0 1 154 1 1 0 0 0 0 0 0
0 1 155 1 1 -1 0 0 0 0 0
0 1 156 1 1 -1 0 0 0 0 0
0 1 157 1 1 0 0 0 0 0 0
0 1 158 1 1 0 0 0 0 0 0
0 1 159 1 1 0 0 0 0 0 0
0 1 160 1 1 -1 0 0 0 0 0
0 1 161 1 1 -1 0 0 0 0 0
0 1 162 1 1 0 0 0 0 0 0
0 1 163 1 1 -1 0 0 0 0 0
0 1 164 1 1 0 0 0 0 0 0
0 1 165 1 1 -1 0 0 0 0 0
0 1 166 1 1 0 0 0 0 0 0
0 1 167 1 1 0 0 0 0 0 0
0 1 168 1 1 0 0 0 0 0 0
0 1 169 1 1 0 0 0 0 0 0
0 1 170 1 1 -1 0 0 0 0 0
0 1 171 1 1 -1 0 0 0 0 0
0 1 172 1 1 -1 0 0 0 0 0
0 1 173 1 1 0 0 0 0 0 0
0 1 174 1 1 0 0 0 0 0 0
0 1 175 1 1 0 0 0 0 0 0
0 1 176 1 1 -1 0 0 0 0 0
0 1 177 1 1 -1 0 0 0 0 0
0 1 178 1 1 -1 0 0 0 0 0
0 1 179 1 1 -1 0 0 0 0 0
0 1 180 1 1 0 0 0 0 0 0
0 1 181 1 1 -1 0 0 0 0 0
0 1 182 1 1 -1 0 0 0 0 0
0 1 183 1 1 -1 0 0 0 0 0
0 1 184 1 1 0 0 0 0 0 0
0 1 185 1 1 0 0 0 0 0 0
0 1 186 1 1 0 0 0 0 0 0
0 1 187 1 1 0 0 0 0 0 0
0 1 188 1 1 -1 0 0 0 0 0
0 1 189 1 1 -1 0 0 0 0 0
0 1 190 1 1 -1 0 0 0 0 0
0 1 191 1 1 0 0 0 0 0 0
0 1 192 1 1 0 0 0 0 0 0
0 1 193 1 1 0 0 0 0 0 0
0 1 194 1 1 -1 0 0 0 0 0
0 1 195 1 1 0 0 0 0 0 0
0 1 196 1 1 0 0 0 0 0 0
0 1 197 1 1 -1 0 0 0 0 0
0 1 198 1 1 -1 0 0 0 0 0
0 1 199 1 1 0 0 0 0 0 0
0 1 200 1 1 0 0 0 0 0 0
0 1 201 1 1 -1 0 0 0 0 0
0 1 202 1 1 0 0 0 0 0 0
0 1 203 1 1 -1 0 0 0 0 0
0 1 204 1 1 0 0 0 0 0 0
0 1 205 1 1 -1 0 0 0 0 0
0 1 206 1 1 0 0 0 0 0 0
0 1 207 1 1 -1 0 0 0 0 0
0 1 208 1 1 0 0 0 0 0 0
0 1 209 1 1 0 0 0 0 0 0
0 1 210 1 1 -1 0 0 0 0 0
0 1 211 1 1 -1 0 0 0 0 0
0 1 212 1 1 -1 0 0 0 0 0
0 1 213 1 1 0 0 0 0 0 0
0 1 214 1 1 0 0 0 0 0 0
0 1 215 1 1 -1 0 0 0 0 0
0 2 0 3 2 -1 -1 0 0 0 0
0 2 1 3 2 -1 0 0 0 0 0
0 2 2 3 2 -1 0 0 0 0 0
0 2 3 3 2 -1 0 0 0 0 0
0 2 4 3 2 0 0 0 0 0 0
0 2 5 3 2 -1 0 0 0 0 0
0 2 6 3 2 -1 0 0 0 0 0
0 2 7 3 2 0 -1 0 0 0 0
0 2 8 3 2 -1 -1 0 0 0 0
0 2 9 3 2 -1 -1 0 0 0 0
0 2 10 3 2 -1 0 0 0 0 0
0 2 11 3 2 0 -1 0 0 0 0
0 2 12 3 2 0 0 0 0 0 0
0 2 13 3 2 -1 0 0 0 0 0
0 2 14 3 2 -1 -1 0 0 0 0
0 2 15 3 2 -1 -1 0 0 0 0
0 2 16 3 2 -1 -1 0 0 0 0
0 2 17 3 2 0 -1 0 0 0 0
0 2 18 3 2 0 0 0 0 0 0
0 2 19 3 2 0 0 0 0 0 0
0 2 20 3 2 0 0 0 0 0 0
0 2 21 3 2 -1 -1 0 0 0 0
0 2 22 3 2 -1 -1 0 0 0 0
0 2 23 3 2 -1 -1 0 0 0 0
0 2 24 3 2 0 -1 0 0 0 0
0 2 25 3 2 -1 -1 0 0 0 0
0 2 26 3 2 0 0 0 0 0 0
0 2 27 3 2 0 0 0 0 0 0
0 2 28 3 2 0 0 0 0 0 0
0 2 29 3 2 0 -1 0 0 0 0
0 2 30 3 2 0 0 0 0 0 0
0 2 31 3 2 -1 -1 0 0 0 0
0 2 32 3 2 0 0 0 0 0 0
0 2 33 3 2 -1 0 0 0 0 0
0 2 34 3 2 0 0 0 0 0 0
0 2 35 3 2 0 -1 0 0 0 0
0 2 36 3 2 -1 -1 0 0 0 0
0 2 37 3 2 0 0 0 0 0 0
0 2 38 3 2 0 -1 0 0 0 0
0 2 39 3 2 0 0 0 0 0 0
0 2 40 3 2 -1 0 0 0 0 0
0 2 41 3 2 0 0 0 0 0 0
0 2 42 3 2 -1 0 0 0 0 0
0 2 43 3 2 -1 0 0 0 0 0
0 2 44 3 2 0 -1 0 0 0 0
0 2 45 3 2 -1 0 0 0 0 0
0 2 46 3 2 0 0 0 0 0 0
0 2 47 3 2 0 0 0 0 0 0
0 2 48 3 2 -1 0 0 0 0 0
0 2 49 3 2 -1 -1 0 0 0 0
0 2 50 3 2 0 0 0 0 0 0
0 2 51 3 2 0 0 0 0 0 0
0 2 52 3 2 -1 0 0 0 0 0
0 2 53 3 2 0 -1 0 0 0 0
0 2 54 3 2 -1 -1 0 0 0 0
0 2 55 3 2 -1 -1 0 0 0 0
0 2 56 3 2 -1 0 0 0 0 0
0 2 57 3 2 -1 -1 0 0 0 0
0 2 58 3 2 0 -1 0 0 0 0
0 2 59 3 2 0 -1 0 0 0 0
0 2 60 3 2 -1 -1 0 0 0 0
0 2 61 3 2 -1 -1 0 0 0 0
0 2 62 3 2 -1 0 0 0 0 0
0 2 63 3 2 -1 0 0 0 0 0
0 2 64 3 2 -1 0 0 0 0 0
0 2 65 3 2 0 0 0 0 0 0
0 2 66 3 2 -1 0 0 0 0 0
0 2 67 3 2 -1 0 0 0 0 0
0 2 68 3 2 0 -1 0 0 0 0
0 2 69 3 2 -1 -1 0 0 0 0
0 2 70 3 2 -1 -1 0 0 0 0
0 2 71 3 2 0 -1 0 0 0 0
0 2 72 3 2 0 -1 0 0 0 0
0 2 73 3 2 0 -1 0 0 0 0
0 2 74 3 2 -1 0 0 0 0 0
0 2 75 3 2 -1 -1 0 0 0 0
0 2 76 3 2 -1 0 0 0 0 0
0 2 77 3 2 0 0 0 0 0 0
0 2 78 3 2 -1 -1 0 0 0 0
0 2 79 3 2 0 -1 0 0 0 0
0 2 80 3 2 0 0 0 0 0 0
0 2 81 3 2 0 -1 0 0 0 0
0 2 82 3 2 0 0 0 0 0 0
0 2 83 3 2 0 -1 0 0 0 0
0 2 84 3 2 -1 -1 0 0 0 0
0 2 85 3 2 -1 -1 0 0 0 0
0 2 86 3 2 -1 -1 0 0 0 0
0 2 87 3 2 0 -1 0 0 0 0
0 2 88 3 2 -1 -1 0 0 0 0
0 2 89 3 2 0 0 0 0 0 0
0 2 90 3 2 -1 -1 0 0 0 0
0 2 91 3 2 -1 0 0 0 0 0
0 2 92 3 2 0 -1 0 0 0 0
0 2 93 3 2 -1 0 0 0 0 0
0 2 94 3 2 -1 -1 0 0 0 0
0 2 95 3 2 -1 0 0 0 0 0
0 2 96 3 2 -1 0 0 0 0 0
0 2 97 3 2 0 -1 0 0 0 0
0 2 98 3 2 0 0 0 0 0 0
0 2 99 3 2 0 -1 0 0 0 0
0 2 100 3 2 -1 -1 0 0 0 0
0 2 101 3 2 -1 0 0 0 0 0
0 2 102 3 2 -1 0 0 0 0 0
0 2 103 3 2 -1 -1 0 0 0 0
0 2 104 3 2 0 0 0 0 0 0
0 2 105 3 2 0 0 0 0 0 0
0 2 106 3 2 -1 -1 0 0 0 0
0 2 107 3 2 -1 -1 0 0 0 0
0 2 108 3 2 0 0 0 0 0 0
0 2 109 3 2 0 -1 0 0 0 0
0 2 110 3 2 -1 -1 0 0 0 0
0 2 111 3 2 -1 -1 0 0 0 0
0 2 112 3 2 0 -1 0 0 0 0
0 2 113 3 2 -1 -1 0 0 0 0
0 2 114 3 2 0 -1 0 0 0 0
0 2 115 3 2 0 0 0 0 0 0
0 2 116 3 2 -1 -1 0 0 0 0
0 2 117 3 2 -1 -1 0 0 0 0
0 2 118 3 2 -1 0 0 0 0 0
0 2 119 3 2 -1 -1 0 0 0 0
0 2 120 3 2 -1 0 0 0 0 0
0 2 121 3 2 -1 0 0 0 0 0
0 2 122 3 2 0 0 0 0 0 0
0 2 123 3 2 0 0 0 0 0 0
0 2 124 3 2 -1 0 0 0 0 0
0 2 125 3 2 0 -1 0 0 0 0
0 2 126 3 2 0 0 0 0 0 0
0 2 127 3 2 -1 0 0 0 0 0
0 2 128 3 2 0 -1 0 0 0 0
0 2 129 3 2 -1 0 0 0 0 0
0 2 130 3 2 -1 0 0 0 0 0
0 2 131 3 2 -1 -1 0 0 0 0
0 2 132 3 2 0 0 0 0 0 0
0 2 133 3 2 -1 0 0 0 0 0
0 2 134 3 2 0 0 0 0 0 0
0 2 135 3 2 -1 -1 0 0 0 0
0 2 136 3 2 0 0 0 0 0 0
0 2 137 3 2 0 -1 0 0 0 0
0 2 138 3 2 -1 -1 0 0 0 0
0 2 139 3 2 -1 -1 0 0 0 0
0 2 140 3 2 -1 0 0 0 0 0
0 2 141 3 2 -1 -1 0 0 0 0
0 2 142 3 2 0 -1 0 0 0 0
0 2 143 3 2 -1 0 0 0 0 0
0 2 144 3 2 -1 -1 0 0 0 0
0 2 145 3 2 -1 0 0 0 0 0
0 2 146 3 2 -1 0 0 0 0 0
0 2 147 3 2 -1 0 0 0 0 0
0 2 148 3 2 -1 0 0 0 0 0
0 2 149 3 2 0 -1 0 0 0 0
0 2 150 3 2 -1 -1 0 0 0 0
0 2 151 3 2 -1 0 0 0 0 0
0 2 152 3 2 0 -1 0 0 0 0
0 2 153 3 2 0 -1 0 0 0 0
0 2 154 3 2 -1 0 0 0 0 0
0 2 155 3 2 -1 0 0 0 0 0
0 2 156 3 2 0 -1 0 0 0 0
0 2 157 3 2 -1 0 0 0 0 0
0 2 158 3 2 -1 0 0 0 0 0
0 2 159 3 2 -1 -1 0 0 0 0
0 2 160 3 2 0 0 0 0 0 0
0 2 161 3 2 -1 -1 0 0 0 0
0 2 162 3 2 -1 0 0 0 0 0
0 2 163 3 2 0 -1 0 0 0 0
0 2 164 3 2 0 -1 0 0 0 0
0 2 165 3 2 0 -1 0 0 0 0
0 2 166 3 2 -1 -1 0 0 0 0
0 2 167 3 2 0 0 0 0 0 0
0 2 168 3 2 -1 0 0 0 0 0
0 2 169 3 2 0 -1 0 0 0 0
0 2 170 3 2 -1 0 0 0 0 0
0 2 171 3 2 -1 -1 0 0 0 0
0 2 172 3 2 -1 0 0 0 0 0
0 2 173 3 2 -1 -1 0 0 0 0
0 2 174 3 2 0 0 0 0 0 0
0 2 175 3 2 -1 -1 0 0 0 0
0 2 176 3 2 -1 -1 0 0 0 0
0 2 177 3 2 -1 0 0 0 0 0
0 2 178 3 2 0 -1 0 0 0 0
0 2 179 3 2 0 0 0 0 0 0
0 2 180 3 2 -1 0 0 0 0 0
0 2 181 3 2 0 -1 0 0 0 0
0 2 182 3 2 0 -1 0 0 0 0
0 2 183 3 2 0 0 0 0 0 0
0 2 184 3 2 0 -1 0 0 0 0
0 2 185 3 2 0 0 0 0 0 0
0 2 186 3 2 0 -1 0 0 0 0
0 2 187 3 2 -1 0 0 0 0 0
0 2 188 3 2 -1 0 0 0 0 0
0 2 189 3 2 -1 -1 0 0 0 0
0 2 190 3 2 0 0 0 0 0 0
0 2 191 3 2 -1 -1 0 0 0 0
0 2 192 3 2 0 -1 0 0 0 0
0 2 193 3 2 0 -1 0 0 0 0
0 2 194 3 2 0 0 0 0 0 0
0 2 195 3 2 0 -1 0 0 0 0
0 2 196 3 2 -1 -1 0 0 0 0
0 2 197 3 2 0 0 0 0 0 0
0 2 198 3 2 -1 0 0 0 0 0
0 2 199 3 2 -1 0 0 0 0 0
0 2 200 3 2 0 0 0 0 0 0
0 2 201 3 2 0 -1 0 0 0 0
0 2 202 3 2 -1 0 0 0 0 0
0 2 203 3 2 -1 -1 0 0 0 0
0 2 204 3 2 -1 0 0 0 0 0
0 2 205 3 2 0 -1 0 0 0 0
0 2 206 3 2 0 -1 0 0 0 0
0 2 207 3 2 0 0 0 0 0 0
0 2 208 3 2 -1 0 0 0 0 0
0 2 209 3 2 -1 -1 0 0 0 0
0 2 210 3 2 -1 0 0 0 0 0
0 2 211 3 2 0 0 0 0 0 0
0 2 212 3 2 -1 0 0 0 0 0
0 2 213 3 2 0 0 0 0 0 0
0 2 214 3 2 -1 0 0 0 0 0
0 2 215 3 2 0 -1 0 0 0 0
