0 0 0 0 -473 74
0 0 1 0 32771 7
0 0 2 0 -23126 -23164
0 0 3 0 -23178 -23178
0 0 4 0 23135 23185
0 0 5 0 23170 23174
0 0 6 0 23169 23151
0 0 7 0 -23189 23157
0 0 8 0 23119 23184
0 0 9 0 -23139 -23199
0 0 10 0 23093 23170
0 0 11 0 23193 23178
0 0 12 0 23171 23213
0 0 13 0 -23156 -23192
0 0 14 0 23201 23219
0 0 15 0 23166 23161
0 0 16 0 -23119 -23184
0 0 17 0 -23184 23153
0 0 18 0 -23215 23193
0 0 19 0 -23159 -23171
0 0 20 0 -23204 23166
0 0 21 0 23156 23181
0 0 22 0 23177 23188
0 0 23 0 -23125 23103
0 0 24 0 -23146 -23175
0 0 25 0 -23149 23168
0 0 26 0 23177 -23188
0 0 27 0 -23156 23158
0 0 28 0 23164 -23170
0 0 29 0 -23155 23127
0 0 30 0 23191 23165
0 0 31 0 23196 -23187
0 0 32 0 -23139 23142
0 0 33 0 32760 11
0 0 34 0 23176 -23166
0 0 35 0 23156 23162
0 0 36 0 23151 23156
0 0 37 0 23115 23156
0 0 38 0 23156 23171
0 0 39 0 23144 23171
0 0 40 0 23173 -23143
0 0 41 0 -23140 -23169
0 0 42 0 -23209 23147
0 0 43 0 -23173 23149
0 0 44 0 23212 -23155
0 0 45 0 23148 23193
0 0 46 0 23190 23160
0 0 47 0 23206 -23146
0 0 48 0 23164 -23171
0 0 49 0 -23174 -23143
0 0 50 0 23199 -23139
0 0 51 0 -23149 -23183
0 0 52 0 23186 -23165
0 0 53 0 23146 23171
0 0 54 0 -23182 23165
0 0 55 0 -23173 -23213
0 0 56 0 23159 -23153
0 0 57 0 23165 -23146
0 0 58 0 23146 -23128
0 0 59 0 -23135 -23220
0 0 60 0 -23160 23143
0 0 61 0 -23177 23178
0 0 62 0 23158 23180
0 0 63 0 23204 -23174
0 0 64 0 23181 -23180
0 0 65 0 32794 -5
0 0 66 0 23199 -23166
0 0 67 0 -23171 -23187
0 0 68 0 -23174 -23167
0 0 69 0 -23156 -23140
0 0 70 0 -23160 23152
0 0 71 0 23156 23163
0 0 72 0 23177 -23205
0 0 73 0 -23206 23166
0 0 74 0 -23176 23160
0 0 75 0 -23203 23179
0 0 76 0 23192 23195
0 0 77 0 -23180 23165
0 0 78 0 -23158 -23170
0 0 79 0 -23150 -23177
0 0 80 0 -23209 -23168
0 0 81 0 23154 -23150
0 0 82 0 23160 23178
0 0 83 0 23160 23180
0 0 84 0 -23145 -23209
0 0 85 0 -23156 23187
0 0 86 0 23178 23150
0 0 87 0 -23178 -23182
0 0 88 0 -23174 23157
0 0 89 0 -23182 -23167
0 0 90 0 23157 23197
0 0 91 0 -23150 23143
0 0 92 0 23157 23126
0 0 93 0 23173 23201
0 0 94 0 23141 23192
0 0 95 0 -23151 -23161
0 0 96 0 23179 23201
0 0 97 0 32782 -11
0 0 98 0 -23158 -23145
0 0 99 0 -23167 23197
0 0 100 0 -23183 23135
0 0 101 0 23158 -23172
0 0 102 0 23173 23193
0 0 103 0 -23156 23167
0 0 104 0 -23155 -23188
0 0 105 0 23188 23156
0 0 106 0 23151 23137
0 0 107 0 -23164 23163
0 0 108 0 -23192 23147
0 0 109 0 -23181 -23190
0 0 110 0 -23184 23157
0 0 111 0 23177 23175
0 0 112 0 -23156 -23181
0 0 113 0 -7 -30
0 0 114 0 -10 15
0 0 115 0 4 -12
0 0 116 0 -9 21
0 0 117 0 4 2
0 0 118 0 -7 -14
0 0 119 0 -18 -13
0 0 120 0 -12 -2
0 0 121 0 -29 4
0 0 122 0 21 3
0 0 123 0 -16 0
0 0 124 0 -26 10
0 0 125 0 -13 -2
0 0 126 0 -17 17
0 0 127 0 15 23
0 0 128 0 -8 -14
0 0 129 0 -45 -16
0 0 130 0 -27 -7
0 0 131 0 24 38
0 0 132 0 3 -25
0 0 133 0 1 -8
0 0 134 0 7 -13
0 0 135 0 7 34
0 0 136 0 21 -9
0 0 137 0 -1 -7
0 0 138 0 -28 2
0 0 139 0 12 33
0 0 140 0 -48 10
0 0 141 0 -15 12
0 0 142 0 -17 -2
0 0 143 0 24 0
0 0 144 0 -23212 23142
0 0 145 0 23233 -23183
0 0 146 0 23167 23180
0 0 147 0 23178 -23165
0 0 148 0 -23175 -23145
0 0 149 0 -23169 23183
0 0 150 0 23197 -23151
0 0 151 0 -23174 -23194
0 0 152 0 23147 23212
0 0 153 0 -23191 -23191
0 0 154 0 23157 23193
0 0 155 0 23203 23165
0 0 156 0 -23152 23139
0 0 157 0 -23136 23186
0 0 158 0 23113 23200
0 0 159 0 32760 -2
0 0 160 0 23169 -23150
0 0 161 0 23177 -23153
0 0 162 0 -23178 -23189
0 0 163 0 23170 23211
0 0 164 0 -23162 -23158
0 0 165 0 -23151 23144
0 0 166 0 23153 23188
0 0 167 0 23170 23187
0 0 168 0 23152 23166
0 0 169 0 -23169 -23165
0 0 170 0 23181 -23194
0 0 171 0 23155 -23190
0 0 172 0 -23140 -23214
0 0 173 0 -23154 23147
0 0 174 0 23174 -23151
0 0 175 0 -23189 23146
0 0 176 0 23172 -23183
0 0 177 0 -23173 23150
0 0 178 0 -23175 23146
0 0 179 0 -23128 -23154
0 0 180 0 23203 -23214
0 0 181 0 23150 -23179
0 0 182 0 23152 23162
0 0 183 0 -23166 -23167
0 0 184 0 23161 23142
0 0 185 0 -23148 23161
0 0 186 0 23162 23140
0 0 187 0 23176 -23120
0 0 188 0 -23180 23166
0 0 189 0 -23169 -23145
0 0 190 0 23197 -23169
0 0 191 0 32781 6
0 0 192 0 23197 -23148
0 0 193 0 -23161 -23170
0 0 194 0 23193 23191
0 0 195 0 23149 23175
0 0 196 0 -23155 23156
0 0 197 0 23196 23203
0 0 198 0 23162 23160
0 0 199 0 23143 -23166
0 0 200 0 -23154 -23202
0 0 201 0 -23143 -23168
0 0 202 0 -23161 -23183
0 0 203 0 23147 -23162
0 0 204 0 23155 23154
0 0 205 0 -23190 23155
0 0 206 0 -23184 23189
0 0 207 0 23166 23163
0 0 208 0 23201 -23141
0 0 209 0 -23182 23149
0 0 210 0 23177 -23163
0 0 211 0 -23184 23165
0 0 212 0 -23142 23165
0 0 213 0 -23168 -23189
0 0 214 0 -23161 23158
0 0 215 0 23143 23181
0 0 216 0 -23144 23144
0 0 217 0 23162 23194
0 0 218 0 -23165 -23179
0 0 219 0 -23177 23159
0 0 220 0 23144 23176
0 0 221 0 23157 23145
0 0 222 0 23145 -23126
0 0 223 0 32773 23
0 0 224 0 -23169 -23165
0 0 225 0 23160 23166
0 0 226 0 23168 -23146
0 0 227 0 -23176 -23178
0 0 228 0 -23180 -23181
0 0 229 0 23184 -23182
0 0 230 0 23155 -23196
0 0 231 0 -23174 23181
0 0 232 0 23192 23143
0 0 233 0 -23170 -23189
0 0 234 0 -23216 23183
0 0 235 0 23167 -23135
0 0 236 0 23167 -23165
0 0 237 0 -23178 23167
0 0 238 0 23178 -23155
0 0 239 0 -23153 -23178
0 0 240 0 23175 23167
0 0 241 0 -23205 23155
0 0 242 0 -23172 23168
0 0 243 0 23165 23217
0 0 244 0 23164 23151
0 0 245 0 -23179 -23166
0 0 246 0 -23203 23153
0 0 247 0 23168 23195
0 0 248 0 23185 23187
0 0 249 0 23188 -23140
0 0 250 0 23177 23185
0 0 251 0 -23149 -23159
0 0 252 0 -23143 23131
0 0 253 0 23189 -23143
0 0 254 0 23156 23184
0 0 255 0 32762 -1
0 1 0 1 -456 95
0 1 1 1 32776 4
0 1 2 1 -32753 12
0 1 3 1 -32768 12
0 1 4 1 32767 -37
0 1 5 1 32757 23
0 1 6 1 32788 11
0 1 7 1 -32775 -34
0 1 8 1 -32789 14
0 1 9 1 -32788 -18
0 1 10 1 32798 -15
0 1 11 1 -32775 -49
0 1 12 1 -32775 -6
0 1 13 1 32763 31
0 1 14 1 -32764 15
0 1 15 1 -32762 30
0 1 16 1 -32761 -40
0 1 17 1 -32762 8
0 1 18 1 32777 29
0 1 19 1 32762 18
0 1 20 1 32802 64
0 1 21 1 -32820 -25
0 1 22 1 32754 -14
0 1 23 1 -32762 -15
0 1 24 1 32789 31
0 1 25 1 -32791 -12
0 1 26 1 32746 16
0 1 27 1 32814 21
0 1 28 1 32752 1
0 1 29 1 32746 -2
0 1 30 1 -32799 -38
0 1 31 1 -32784 -57
0 1 32 1 -32776 21
0 1 33 1 32741 6
0 1 34 1 32786 61
0 1 35 1 32778 39
0 1 36 1 32758 21
0 1 37 1 -32784 -34
0 1 38 1 -32748 0
0 1 39 1 -32742 -27
0 1 40 1 -32764 -25
0 1 41 1 -32777 -2
0 1 42 1 32764 -15
0 1 43 1 -32748 -17
0 1 44 1 -32742 -12
0 1 45 1 -32791 -4
0 1 46 1 32787 -2
0 1 47 1 32735 11
0 1 48 1 -32765 -11
0 1 49 1 -32766 -44
0 1 50 1 -32748 -13
0 1 51 1 32752 -6
0 1 52 1 -32793 -4
0 1 53 1 -32758 0
0 1 54 1 -32797 -50
0 1 55 1 -32770 -11
0 1 56 1 -32761 -19
0 1 57 1 -32752 -6
0 1 58 1 -32773 -18
0 1 59 1 -32795 -30
0 1 60 1 32739 18
0 1 61 1 -32783 -52
0 1 62 1 32798 -14
0 1 63 1 -32716 -3
0 1 64 1 32801 7
0 1 65 1 32774 1
0 1 66 1 32752 -1
0 1 67 1 32750 -2
0 1 68 1 32742 5
0 1 69 1 -32761 -39
0 1 70 1 32772 38
0 1 71 1 -32765 -8
0 1 72 1 -32798 0
0 1 73 1 -32789 0
0 1 74 1 -32758 -38
0 1 75 1 32762 5
0 1 76 1 32723 48
0 1 77 1 32787 5
0 1 78 1 -32775 -21
0 1 79 1 32760 15
0 1 80 1 32782 10
0 1 81 1 -32781 -23
0 1 82 1 -32736 13
0 1 83 1 32774 10
0 1 84 1 -32774 -20
0 1 85 1 -32785 -20
0 1 86 1 32756 29
0 1 87 1 -32764 22
0 1 88 1 -32777 -24
0 1 89 1 -32741 -3
0 1 90 1 -32761 3
0 1 91 1 -32736 -18
0 1 92 1 32760 23
0 1 93 1 -32774 -2
0 1 94 1 32752 -2
0 1 95 1 32762 15
0 1 96 1 -32750 -12
0 1 97 1 32783 3
0 1 98 1 32766 -21
0 1 99 1 32784 23
0 1 100 1 32756 30
0 1 101 1 32744 -2
0 1 102 1 -32766 10
0 1 103 1 -32762 -32
0 1 104 1 32773 20
0 1 105 1 32793 1
0 1 106 1 -32770 -29
0 1 107 1 32768 -10
0 1 108 1 -32760 -41
0 1 109 1 -32749 -18
0 1 110 1 32741 1
0 1 111 1 -32766 -19
0 1 112 1 -32760 -48
0 1 113 1 -3 22
0 1 114 1 -15 7
0 1 115 1 0 -21
0 1 116 1 4 30
0 1 117 1 23 38
0 1 118 1 14 36
0 1 119 1 -21 4
0 1 120 1 22 1
0 1 121 1 -10 3
0 1 122 1 7 13
0 1 123 1 18 -29
0 1 124 1 5 -10
0 1 125 1 -37 -26
0 1 126 1 38 -10
0 1 127 1 -26 0
0 1 128 1 -17 2
0 1 129 1 -22 18
0 1 130 1 -21 -2
0 1 131 1 -10 -13
0 1 132 1 12 -8
0 1 133 1 -14 11
0 1 134 1 -14 6
0 1 135 1 1 6
0 1 136 1 -24 -4
0 1 137 1 -7 -14
0 1 138 1 3 -29
0 1 139 1 -1 36
0 1 140 1 -13 2
0 1 141 1 7 6
0 1 142 1 39 20
0 1 143 1 -18 -30
0 1 144 1 32781 0
0 1 145 1 -32793 -7
0 1 146 1 32769 16
0 1 147 1 32749 18
0 1 148 1 32766 5
0 1 149 1 32747 -10
0 1 150 1 -32730 25
0 1 151 1 -32786 20
0 1 152 1 -32778 36
0 1 153 1 32743 46
0 1 154 1 32782 44
0 1 155 1 32784 13
0 1 156 1 -32775 -2
0 1 157 1 -32759 30
0 1 158 1 32762 24
0 1 159 1 32774 56
0 1 160 1 32748 22
0 1 161 1 32754 49
0 1 162 1 32758 12
0 1 163 1 -32758 -41
0 1 164 1 32727 14
0 1 165 1 32747 5
0 1 166 1 -32766 -15
0 1 167 1 -32765 -24
0 1 168 1 32821 -3
0 1 169 1 -32794 -26
0 1 170 1 -32778 17
0 1 171 1 32765 16
0 1 172 1 -32766 8
0 1 173 1 32758 -15
0 1 174 1 32732 0
0 1 175 1 32769 27
0 1 176 1 -32776 -14
0 1 177 1 -32784 -59
0 1 178 1 32786 16
0 1 179 1 32766 15
0 1 180 1 -32787 -35
0 1 181 1 32785 -27
0 1 182 1 -32797 -21
0 1 183 1 -32792 -8
0 1 184 1 32764 25
0 1 185 1 -32779 -21
0 1 186 1 32762 -4
0 1 187 1 -32767 -7
0 1 188 1 -32744 -4
0 1 189 1 -32773 -12
0 1 190 1 32773 24
0 1 191 1 32723 -33
0 1 192 1 -32831 33
0 1 193 1 -32748 -19
0 1 194 1 -32786 -4
0 1 195 1 -32751 -22
0 1 196 1 32811 -3
0 1 197 1 32753 -17
0 1 198 1 -32774 -1
0 1 199 1 -32747 10
0 1 200 1 -32754 -4
0 1 201 1 32745 22
0 1 202 1 32762 16
0 1 203 1 -32768 -22
0 1 204 1 32751 0
0 1 205 1 -32773 15
0 1 206 1 -32780 -36
0 1 207 1 32769 -5
0 1 208 1 -32771 19
0 1 209 1 -32772 -7
0 1 210 1 32749 11
0 1 211 1 -32782 -2
0 1 212 1 -32797 35
0 1 213 1 32766 12
0 1 214 1 32756 7
0 1 215 1 -32746 13
0 1 216 1 -32780 -14
0 1 217 1 32740 28
0 1 218 1 -32777 -20
0 1 219 1 32797 16
0 1 220 1 -32733 -12
0 1 221 1 32733 -1
0 1 222 1 32779 20
0 1 223 1 32766 -11
0 1 224 1 -32741 -11
0 1 225 1 32757 10
0 1 226 1 -32737 -36
0 1 227 1 -32750 12
0 1 228 1 -32776 24
0 1 229 1 -32784 -7
0 1 230 1 -32778 -7
0 1 231 1 -32763 -15
0 1 232 1 -32767 -20
0 1 233 1 -32764 -8
0 1 234 1 32763 7
0 1 235 1 -32766 12
0 1 236 1 32765 23
0 1 237 1 32765 15
0 1 238 1 -32754 -33
0 1 239 1 32764 27
0 1 240 1 -32761 -8
0 1 241 1 32765 0
0 1 242 1 -32780 -11
0 1 243 1 32738 17
0 1 244 1 32757 3
0 1 245 1 -32782 0
0 1 246 1 32786 12
0 1 247 1 32752 47
0 1 248 1 -32751 20
0 1 249 1 32755 15
0 1 250 1 32798 -39
0 1 251 1 -32751 -3
0 1 252 1 -32788 -2
0 1 253 1 -32772 -42
0 1 254 1 32751 -15
0 1 255 1 32755 -23
0 2 0 1 -462 57
0 2 1 1 32745 -16
0 2 2 1 32788 48
0 2 3 1 32782 7
0 2 4 1 -32782 -19
0 2 5 1 -32762 -21
0 2 6 1 32783 -16
0 2 7 1 -32743 -37
0 2 8 1 -32801 -12
0 2 9 1 -32752 -17
0 2 10 1 -32765 -7
0 2 11 1 32762 16
0 2 12 1 32773 -2
0 2 13 1 32774 -8
0 2 14 1 -32763 -26
0 2 15 1 -32763 11
0 2 16 1 32746 18
0 2 17 1 -32753 7
0 2 18 1 32771 39
0 2 19 1 32751 -1
0 2 20 1 32746 0
0 2 21 1 -32790 -26
0 2 22 1 -32754 21
0 2 23 1 -32788 -22
0 2 24 1 -32807 -36
0 2 25 1 32776 55
0 2 26 1 32794 -9
0 2 27 1 -32793 -19
0 2 28 1 32767 42
0 2 29 1 -32795 9
0 2 30 1 -32741 -30
0 2 31 1 32772 -12
0 2 32 1 -32766 31
0 2 33 1 32790 17
0 2 34 1 -32779 -27
0 2 35 1 -32770 -29
0 2 36 1 -32769 7
0 2 37 1 32795 -30
0 2 38 1 32766 34
0 2 39 1 -32753 -28
0 2 40 1 32738 20
0 2 41 1 -32760 -32
0 2 42 1 32775 -1
0 2 43 1 -32793 -28
0 2 44 1 32766 0
0 2 45 1 32729 19
0 2 46 1 -32738 38
0 2 47 1 32784 23
0 2 48 1 -32772 -13
0 2 49 1 -32780 -16
0 2 50 1 -32769 -28
0 2 51 1 -32756 8
0 2 52 1 -32779 13
0 2 53 1 32757 38
0 2 54 1 32767 49
0 2 55 1 -32780 -29
0 2 56 1 32791 21
0 2 57 1 -32763 -32
0 2 58 1 -32774 0
0 2 59 1 -32773 -10
0 2 60 1 -32759 -8
0 2 61 1 -32747 2
0 2 62 1 32739 -13
0 2 63 1 -32764 -13
0 2 64 1 -32795 -28
0 2 65 1 32748 30
0 2 66 1 32759 0
0 2 67 1 32780 23
0 2 68 1 32771 22
0 2 69 1 32780 26
0 2 70 1 -32760 1
0 2 71 1 -32784 8
0 2 72 1 32760 4
0 2 73 1 32779 21
0 2 74 1 -32755 -19
0 2 75 1 32760 11
0 2 76 1 -32766 -10
0 2 77 1 32744 55
0 2 78 1 32749 8
0 2 79 1 32782 4
0 2 80 1 -32801 -47
0 2 81 1 32746 -5
0 2 82 1 -32774 13
0 2 83 1 32763 40
0 2 84 1 32748 -2
0 2 85 1 -32755 -4
0 2 86 1 -32769 4
0 2 87 1 -32761 -15
0 2 88 1 -32765 29
0 2 89 1 -32783 -20
0 2 90 1 -32775 2
0 2 91 1 -32748 0
0 2 92 1 -32787 0
0 2 93 1 -32778 15
0 2 94 1 32779 -3
0 2 95 1 32791 11
0 2 96 1 32750 14
0 2 97 1 32774 35
0 2 98 1 -32732 -22
0 2 99 1 32742 17
0 2 100 1 32797 44
0 2 101 1 -32801 -51
0 2 102 1 32752 22
0 2 103 1 32723 16
0 2 104 1 -32785 12
0 2 105 1 -32765 10
0 2 106 1 -32802 13
0 2 107 1 -32759 -27
0 2 108 1 32733 4
0 2 109 1 -32766 -23
0 2 110 1 32751 -25
0 2 111 1 32764 -3
0 2 112 1 -32728 11
0 2 113 1 -23 -23
0 2 114 1 22 25
0 2 115 1 35 21
0 2 116 1 -13 -3
0 2 117 1 22 -37
0 2 118 1 0 -10
0 2 119 1 0 6
0 2 120 1 -10 3
0 2 121 1 -2 15
0 2 122 1 -5 -6
0 2 123 1 -5 -21
0 2 124 1 6 -51
0 2 125 1 39 -2
0 2 126 1 -11 7
0 2 127 1 7 9
0 2 128 1 -24 1
0 2 129 1 -33 -29
0 2 130 1 0 6
0 2 131 1 10 -19
0 2 132 1 -7 18
0 2 133 1 6 -3
0 2 134 1 -14 -9
0 2 135 1 -3 -11
0 2 136 1 20 -3
0 2 137 1 -10 -23
0 2 138 1 -21 -23
0 2 139 1 -7 9
0 2 140 1 -4 -17
0 2 141 1 2 0
0 2 142 1 8 -6
0 2 143 1 11 7
0 2 144 1 32729 5
0 2 145 1 -32745 -8
0 2 146 1 -32787 -13
0 2 147 1 32743 25
0 2 148 1 32754 18
0 2 149 1 -32786 -14
0 2 150 1 -32747 11
0 2 151 1 -32761 -20
0 2 152 1 32746 2
0 2 153 1 32761 35
0 2 154 1 32782 29
0 2 155 1 32761 30
0 2 156 1 -32805 2
0 2 157 1 32755 7
0 2 158 1 32754 19
0 2 159 1 32762 10
0 2 160 1 -32759 -37
0 2 161 1 -32808 -37
0 2 162 1 32762 16
0 2 163 1 32781 -17
0 2 164 1 -32778 -6
0 2 165 1 -32807 -4
0 2 166 1 32748 16
0 2 167 1 -32748 47
0 2 168 1 -32792 -8
0 2 169 1 32745 39
0 2 170 1 -32748 16
0 2 171 1 -32754 -23
0 2 172 1 32777 10
0 2 173 1 -32782 -38
0 2 174 1 -32740 19
0 2 175 1 32785 8
0 2 176 1 -32773 -7
0 2 177 1 32778 3
0 2 178 1 -32764 -13
0 2 179 1 32751 -22
0 2 180 1 -32760 -5
0 2 181 1 -32752 -6
0 2 182 1 -32758 13
0 2 183 1 -32820 8
0 2 184 1 32753 26
0 2 185 1 -32755 -10
0 2 186 1 32735 13
0 2 187 1 -32742 -47
0 2 188 1 -32734 -3
0 2 189 1 -32773 12
0 2 190 1 32755 43
0 2 191 1 32739 7
0 2 192 1 32777 33
0 2 193 1 -32763 -13
0 2 194 1 -32772 -11
0 2 195 1 -32748 28
0 2 196 1 32755 -1
0 2 197 1 -32778 -17
0 2 198 1 -32768 -7
0 2 199 1 -32785 -22
0 2 200 1 -32771 -14
0 2 201 1 32766 42
0 2 202 1 -32767 4
0 2 203 1 -32769 -17
0 2 204 1 -32746 0
0 2 205 1 32738 66
0 2 206 1 32766 58
0 2 207 1 -32732 -27
0 2 208 1 32742 -48
0 2 209 1 -32767 0
0 2 210 1 -32724 -12
0 2 211 1 -32758 14
0 2 212 1 -32784 -43
0 2 213 1 32780 27
0 2 214 1 -32778 -24
0 2 215 1 32764 22
0 2 216 1 32750 14
0 2 217 1 32765 11
0 2 218 1 -32746 -17
0 2 219 1 32747 0
0 2 220 1 -32783 -8
0 2 221 1 32813 -13
0 2 222 1 -32758 -7
0 2 223 1 32765 49
0 2 224 1 -32768 23
0 2 225 1 -32735 -4
0 2 226 1 32769 -22
0 2 227 1 32782 1
0 2 228 1 32743 6
0 2 229 1 -32779 36
0 2 230 1 -32759 2
0 2 231 1 32769 23
0 2 232 1 -32784 -15
0 2 233 1 -32753 -24
0 2 234 1 32728 7
0 2 235 1 -32779 0
0 2 236 1 -32777 36
0 2 237 1 32748 24
0 2 238 1 32792 -25
0 2 239 1 -32758 -13
0 2 240 1 32779 1
0 2 241 1 -32787 -14
0 2 242 1 -32766 -11
0 2 243 1 32757 22
0 2 244 1 -32801 -18
0 2 245 1 32765 -12
0 2 246 1 32772 21
0 2 247 1 32785 1
0 2 248 1 -32755 -30
0 2 249 1 -32748 -18
0 2 250 1 32767 8
0 2 251 1 32755 -15
0 2 252 1 32771 3
0 2 253 1 -32756 -4
0 2 254 1 32745 7
0 2 255 1 32765 4
0 3 0 2 -438 84
0 3 1 2 32775 9
0 3 2 2 -35360 -15190
0 3 3 2 25275 35390
0 3 4 2 35378 -15156
0 3 5 2 -15180 15194
0 3 6 2 -15203 35394
0 3 7 2 35409 15167
0 3 8 2 -35427 15177
0 3 9 2 -25314 5018
0 3 10 2 35376 -25282
0 3 11 2 -35392 5048
0 3 12 2 -5047 -5076
0 3 13 2 -5082 35369
0 3 14 2 25277 25312
0 3 15 2 5081 -15164
0 3 16 2 -5099 25274
0 3 17 2 15152 5038
0 3 18 2 5037 25296
0 3 19 2 -5076 -25297
0 3 20 2 35337 35409
0 3 21 2 15159 5092
0 3 22 2 25285 35403
0 3 23 2 -15139 -5046
0 3 24 2 25280 -35387
0 3 25 2 15166 25314
0 3 26 2 5036 25278
0 3 27 2 25291 -5033
0 3 28 2 15181 -35383
0 3 29 2 25280 25282
0 3 30 2 -25290 5046
0 3 31 2 5051 5048
0 3 32 2 -15146 -5050
0 3 33 2 32762 5
0 3 34 2 25246 15225
0 3 35 2 15123 35402
0 3 36 2 15174 -35379
0 3 37 2 15171 -5007
0 3 38 2 -25266 -15175
0 3 39 2 25271 -15165
0 3 40 2 -35375 5070
0 3 41 2 35382 -15145
0 3 42 2 25283 35406
0 3 43 2 5072 -5069
0 3 44 2 -15179 -5081
0 3 45 2 -5050 -35395
0 3 46 2 -5045 -15139
0 3 47 2 35370 25253
0 3 48 2 -25259 -35380
0 3 49 2 -25316 35340
0 3 50 2 15172 -15159
0 3 51 2 -15180 -5029
0 3 52 2 -15139 -35398
0 3 53 2 15173 -25241
0 3 54 2 -5036 -15191
0 3 55 2 25274 -15149
0 3 56 2 5057 15179
0 3 57 2 15188 -15154
0 3 58 2 -15156 -35433
0 3 59 2 25275 -15180
0 3 60 2 15151 -5047
0 3 61 2 35398 -25271
0 3 62 2 35378 -5023
0 3 63 2 -25265 15156
0 3 64 2 -35399 -25261
0 3 65 2 32780 28
0 3 66 2 5078 5091
0 3 67 2 15134 15186
0 3 68 2 -15160 -25272
0 3 69 2 15150 15215
0 3 70 2 15168 15178
0 3 71 2 -35409 25254
0 3 72 2 15159 35432
0 3 73 2 -15132 -5098
0 3 74 2 -25262 -5071
0 3 75 2 -5078 -25301
0 3 76 2 25287 -25266
0 3 77 2 -35415 5031
0 3 78 2 25309 -25216
0 3 79 2 -25293 -35404
0 3 80 2 5071 5086
0 3 81 2 15134 15179
0 3 82 2 -5034 -5086
0 3 83 2 -25292 -15200
0 3 84 2 5051 -15173
0 3 85 2 -35394 25259
0 3 86 2 -35386 -15177
0 3 87 2 -5025 -5046
0 3 88 2 -5046 35432
0 3 89 2 25293 25296
0 3 90 2 25275 35382
0 3 91 2 5041 -15168
0 3 92 2 5065 -5073
0 3 93 2 5042 -5058
0 3 94 2 5012 35396
0 3 95 2 -15135 35381
0 3 96 2 -5086 35370
0 3 97 2 32741 15
0 3 98 2 25234 -5023
0 3 99 2 -5097 15157
0 3 100 2 -15199 5014
0 3 101 2 15187 -25284
0 3 102 2 -35427 -5101
0 3 103 2 5029 -25267
0 3 104 2 -25272 -15164
0 3 105 2 -35405 -35406
0 3 106 2 -5075 25275
0 3 107 2 -35389 -15198
0 3 108 2 15138 25274
0 3 109 2 35363 35421
0 3 110 2 25309 -25299
0 3 111 2 -5097 -15161
0 3 112 2 -15159 -5069
0 3 113 2 -8 3
0 3 114 2 7 3
0 3 115 2 21 -20
0 3 116 2 18 15
0 3 117 2 -3 -27
0 3 118 2 37 16
0 3 119 2 0 -17
0 3 120 2 2 -37
0 3 121 2 9 20
0 3 122 2 26 20
0 3 123 2 -22 21
0 3 124 2 26 24
0 3 125 2 36 -5
0 3 126 2 -13 5
0 3 127 2 -13 -2
0 3 128 2 6 -2
0 3 129 2 4 -29
0 3 130 2 -15 -11
0 3 131 2 -7 -14
0 3 132 2 52 9
0 3 133 2 -35 11
0 3 134 2 -5 27
0 3 135 2 19 -19
0 3 136 2 -5 -4
0 3 137 2 -13 -31
0 3 138 2 33 -7
0 3 139 2 -25 20
0 3 140 2 0 10
0 3 141 2 -6 1
0 3 142 2 -6 -10
0 3 143 2 12 -16
0 3 144 2 -5030 5057
0 3 145 2 -25294 -5082
0 3 146 2 -15181 15183
0 3 147 2 -15142 -15161
0 3 148 2 15196 -25279
0 3 149 2 -15173 25289
0 3 150 2 35352 35405
0 3 151 2 -25280 35399
0 3 152 2 -5044 -15165
0 3 153 2 35398 5056
0 3 154 2 -35382 -35374
0 3 155 2 -25262 -35401
0 3 156 2 15186 5073
0 3 157 2 -15143 -5087
0 3 158 2 25273 15214
0 3 159 2 32746 25
0 3 160 2 -15181 5048
0 3 161 2 35390 -35355
0 3 162 2 25280 -35408
0 3 163 2 25292 25292
0 3 164 2 25286 -25265
0 3 165 2 15175 35412
0 3 166 2 35427 -5045
0 3 167 2 -25254 -25297
0 3 168 2 5091 -35410
0 3 169 2 15154 -25281
0 3 170 2 35359 35384
0 3 171 2 -25262 -25275
0 3 172 2 5053 25287
0 3 173 2 -25257 -25291
0 3 174 2 -15175 5048
0 3 175 2 15166 15172
0 3 176 2 15199 15165
0 3 177 2 5078 -5058
0 3 178 2 5073 -35379
0 3 179 2 -25274 15153
0 3 180 2 25280 -25280
0 3 181 2 -5055 35384
0 3 182 2 25265 5039
0 3 183 2 -15172 5055
0 3 184 2 5060 35415
0 3 185 2 -35392 -25289
0 3 186 2 -25285 5071
0 3 187 2 25250 -5062
0 3 188 2 35397 -5037
0 3 189 2 -35352 -35444
0 3 190 2 15158 -25257
0 3 191 2 32768 20
0 3 192 2 -35361 -35385
0 3 193 2 15152 -25276
0 3 194 2 -5049 5051
0 3 195 2 25257 25276
0 3 196 2 -5062 -5061
0 3 197 2 -5035 -25303
0 3 198 2 5030 15148
0 3 199 2 -25301 5015
0 3 200 2 -35358 -35425
0 3 201 2 15199 -5050
0 3 202 2 -25295 15141
0 3 203 2 -5079 35378
0 3 204 2 -5029 -35354
0 3 205 2 15183 -15138
0 3 206 2 25273 25297
0 3 207 2 -35411 -35420
0 3 208 2 5034 5050
0 3 209 2 25295 -15140
0 3 210 2 15162 -25248
0 3 211 2 -5026 -35382
0 3 212 2 5072 -35385
0 3 213 2 5060 5065
0 3 214 2 -25312 -5060
0 3 215 2 -35405 15158
0 3 216 2 5046 -5037
0 3 217 2 5069 5057
0 3 218 2 15140 25299
0 3 219 2 -25294 35376
0 3 220 2 35392 -15191
0 3 221 2 -25303 35381
0 3 222 2 -15155 -25265
0 3 223 2 32771 4
0 3 224 2 -5065 -15140
0 3 225 2 5052 15151
0 3 226 2 5042 35392
0 3 227 2 -35404 -35399
0 3 228 2 5042 -35387
0 3 229 2 -5077 15167
0 3 230 2 35370 5087
0 3 231 2 5056 -25255
0 3 232 2 25244 25284
0 3 233 2 -35400 35371
0 3 234 2 -5076 15158
0 3 235 2 25222 35393
0 3 236 2 35369 25281
0 3 237 2 -25268 -35399
0 3 238 2 5067 5070
0 3 239 2 -35401 25263
0 3 240 2 -15180 15152
0 3 241 2 5041 25291
0 3 242 2 -35437 25303
0 3 243 2 35390 -35379
0 3 244 2 15175 35416
0 3 245 2 -25295 -5034
0 3 246 2 15190 -15203
0 3 247 2 -25270 -25295
0 3 248 2 15172 -25280
0 3 249 2 5048 5079
0 3 250 2 -25270 -25265
0 3 251 2 -5069 35408
0 3 252 2 15151 -25272
0 3 253 2 -25241 15157
0 3 254 2 -35358 -25284
0 3 255 2 32751 9
0 4 0 2 -451 99
0 4 1 2 32778 -21
0 4 2 2 5016 35441
0 4 3 2 25308 -25237
0 4 4 2 -5067 -35380
0 4 5 2 5043 -35399
0 4 6 2 25289 -15130
0 4 7 2 -25276 -5090
0 4 8 2 5079 35399
0 4 9 2 -35358 15150
0 4 10 2 -15192 -25281
0 4 11 2 -25263 -15163
0 4 12 2 15145 -25260
0 4 13 2 35404 15155
0 4 14 2 -35371 5010
0 4 15 2 -25278 -5052
0 4 16 2 15160 15191
0 4 17 2 15177 35409
0 4 18 2 35407 -15195
0 4 19 2 15133 35385
0 4 20 2 5055 5075
0 4 21 2 -35425 35356
0 4 22 2 -15165 -35392
0 4 23 2 -15186 -25273
0 4 24 2 5084 -35381
0 4 25 2 -15144 -35400
0 4 26 2 15158 -5039
0 4 27 2 35419 -35450
0 4 28 2 -5033 25263
0 4 29 2 -15136 -35396
0 4 30 2 -5052 -5042
0 4 31 2 35394 -5055
0 4 32 2 35379 5050
0 4 33 2 32741 27
0 4 34 2 -25271 -25304
0 4 35 2 -25279 -5056
0 4 36 2 15171 5071
0 4 37 2 -25279 25331
0 4 38 2 -5063 -15157
0 4 39 2 35402 35408
0 4 40 2 -15167 -5074
0 4 41 2 35363 5033
0 4 42 2 35408 -25263
0 4 43 2 5023 25310
0 4 44 2 -25292 5034
0 4 45 2 -15143 -5070
0 4 46 2 35392 -5072
0 4 47 2 -5051 15155
0 4 48 2 -25263 -15161
0 4 49 2 -5083 5085
0 4 50 2 35376 15144
0 4 51 2 35422 15163
0 4 52 2 -5046 25278
0 4 53 2 35379 5051
0 4 54 2 35356 5056
0 4 55 2 5078 -15132
0 4 56 2 25285 -25288
0 4 57 2 -15178 -25290
0 4 58 2 35416 5070
0 4 59 2 -25290 -25297
0 4 60 2 -35403 -5089
0 4 61 2 5035 -25268
0 4 62 2 25273 15161
0 4 63 2 -25290 5069
0 4 64 2 25311 25305
0 4 65 2 32788 -5
0 4 66 2 -25303 15163
0 4 67 2 5045 35425
0 4 68 2 -15169 -15194
0 4 69 2 35393 -15193
0 4 70 2 25263 25274
0 4 71 2 25272 -15170
0 4 72 2 -35426 25249
0 4 73 2 15157 -35408
0 4 74 2 15180 -35405
0 4 75 2 -5066 -15133
0 4 76 2 -35365 25258
0 4 77 2 -25295 25250
0 4 78 2 35391 15183
0 4 79 2 25298 25237
0 4 80 2 25247 -35357
0 4 81 2 -35390 15172
0 4 82 2 -15158 15184
0 4 83 2 -15179 -15170
0 4 84 2 -5069 15182
0 4 85 2 5044 15163
0 4 86 2 25284 25297
0 4 87 2 -25289 -25263
0 4 88 2 25259 -25286
0 4 89 2 5045 -35394
0 4 90 2 -5068 -35398
0 4 91 2 -15150 5049
0 4 92 2 -35409 15180
0 4 93 2 5040 25310
0 4 94 2 15175 -5098
0 4 95 2 5055 -25295
0 4 96 2 -35405 35321
0 4 97 2 32779 8
0 4 98 2 35405 5068
0 4 99 2 -5049 -35375
0 4 100 2 25297 -5053
0 4 101 2 -25278 -25268
0 4 102 2 5081 15139
0 4 103 2 -35380 -25300
0 4 104 2 -35400 5058
0 4 105 2 -15177 25310
0 4 106 2 25277 -15145
0 4 107 2 15193 -15151
0 4 108 2 15165 -25263
0 4 109 2 15136 35408
0 4 110 2 -15173 25307
0 4 111 2 5076 -5054
0 4 112 2 15147 5052
0 4 113 2 -23 -6
0 4 114 2 -4 0
0 4 115 2 5 -28
0 4 116 2 -21 9
0 4 117 2 -3 -20
0 4 118 2 -32 5
0 4 119 2 4 1
0 4 120 2 -5 16
0 4 121 2 32 11
0 4 122 2 7 0
0 4 123 2 9 32
0 4 124 2 7 17
0 4 125 2 22 -30
0 4 126 2 -3 -4
0 4 127 2 37 7
0 4 128 2 29 -28
0 4 129 2 25 -11
0 4 130 2 14 -35
0 4 131 2 -15 -5
0 4 132 2 4 -7
0 4 133 2 14 10
0 4 134 2 -18 27
0 4 135 2 8 -3
0 4 136 2 8 -9
0 4 137 2 0 38
0 4 138 2 27 9
0 4 139 2 22 -32
0 4 140 2 9 18
0 4 141 2 13 -15
0 4 142 2 24 -12
0 4 143 2 3 -2
0 4 144 2 -25253 -35379
0 4 145 2 -35415 15134
0 4 146 2 5042 -5049
0 4 147 2 15173 25289
0 4 148 2 5028 25275
0 4 149 2 -35417 5039
0 4 150 2 -15203 15168
0 4 151 2 15165 5047
0 4 152 2 5066 -25282
0 4 153 2 -35402 25270
0 4 154 2 -15156 35386
0 4 155 2 -5094 25317
0 4 156 2 35386 5067
0 4 157 2 -5050 35349
0 4 158 2 35390 5076
0 4 159 2 32776 49
0 4 160 2 15150 35371
0 4 161 2 25277 -15149
0 4 162 2 35405 -25257
0 4 163 2 5040 35388
0 4 164 2 -15190 35377
0 4 165 2 -15168 -5070
0 4 166 2 15118 15181
0 4 167 2 5033 5064
0 4 168 2 35411 -15157
0 4 169 2 35376 15179
0 4 170 2 15167 -15171
0 4 171 2 35399 -25259
0 4 172 2 -5060 15207
0 4 173 2 -35382 -25303
0 4 174 2 -15145 -25304
0 4 175 2 -15098 35388
0 4 176 2 15164 25283
0 4 177 2 5055 -15165
0 4 178 2 5067 -15174
0 4 179 2 -15183 35362
0 4 180 2 -25248 -15154
0 4 181 2 5051 35382
0 4 182 2 -25288 25277
0 4 183 2 25313 -25276
0 4 184 2 35393 -15181
0 4 185 2 5049 -15169
0 4 186 2 25291 15189
0 4 187 2 -5048 5074
0 4 188 2 35362 5096
0 4 189 2 -35409 -5073
0 4 190 2 25295 -15157
0 4 191 2 32752 4
0 4 192 2 35355 -25267
0 4 193 2 -5085 35402
0 4 194 2 25285 -5056
0 4 195 2 -25285 15192
0 4 196 2 35411 15195
0 4 197 2 -5051 -35426
0 4 198 2 25257 -15149
0 4 199 2 15146 15171
0 4 200 2 5075 -15179
0 4 201 2 -25284 -15171
0 4 202 2 -15125 -25267
0 4 203 2 25239 25312
0 4 204 2 -25289 -25293
0 4 205 2 35419 -35411
0 4 206 2 25297 25259
0 4 207 2 -35379 -5064
0 4 208 2 35365 35386
0 4 209 2 5061 15180
0 4 210 2 -25283 -5097
0 4 211 2 -5053 15136
0 4 212 2 -35354 -15202
0 4 213 2 5062 -15173
0 4 214 2 35402 -25262
0 4 215 2 -15128 5035
0 4 216 2 -5104 -5068
0 4 217 2 15159 -35434
0 4 218 2 5082 -25307
0 4 219 2 25277 -35367
0 4 220 2 25278 15155
0 4 221 2 -5018 -25274
0 4 222 2 25298 -5054
0 4 223 2 32748 -9
0 4 224 2 -15160 -35411
0 4 225 2 35373 5110
0 4 226 2 35392 -5043
0 4 227 2 25310 -15153
0 4 228 2 -25313 25271
0 4 229 2 5075 -35420
0 4 230 2 -5037 5074
0 4 231 2 35417 -15154
0 4 232 2 5059 -15174
0 4 233 2 5039 -35386
0 4 234 2 -15201 5095
0 4 235 2 -25299 25245
0 4 236 2 35389 -35364
0 4 237 2 35385 15167
0 4 238 2 -35373 -25287
0 4 239 2 -35403 25224
0 4 240 2 -25263 -5022
0 4 241 2 -5050 5051
0 4 242 2 -5053 25299
0 4 243 2 25321 -25270
0 4 244 2 -35414 15134
0 4 245 2 35406 -35343
0 4 246 2 35406 5070
0 4 247 2 15147 35397
0 4 248 2 35404 -25273
0 4 249 2 -5084 -35377
0 4 250 2 35363 -25286
0 4 251 2 15149 -15122
0 4 252 2 35382 -15140
0 4 253 2 5088 15193
0 4 254 2 5066 15177
0 4 255 2 32778 -11
0 5 0 2 -457 109
0 5 1 2 32786 -14
0 5 2 2 -35396 35357
0 5 3 2 35392 -15159
0 5 4 2 -25299 15151
0 5 5 2 5056 -35354
0 5 6 2 15189 35416
0 5 7 2 5083 -35355
0 5 8 2 25258 25264
0 5 9 2 5030 -5069
0 5 10 2 5052 -35380
0 5 11 2 5039 15201
0 5 12 2 5031 5064
0 5 13 2 25287 35381
0 5 14 2 25298 -5039
0 5 15 2 5062 -35409
0 5 16 2 -5064 15175
0 5 17 2 -5022 -15182
0 5 18 2 5044 -15127
0 5 19 2 -15182 25302
0 5 20 2 35388 -15198
0 5 21 2 35351 25275
0 5 22 2 -35408 -5063
0 5 23 2 -35380 -35398
0 5 24 2 35385 25289
0 5 25 2 25282 5063
0 5 26 2 35397 25264
0 5 27 2 -35398 -25320
0 5 28 2 5052 25260
0 5 29 2 -25284 25256
0 5 30 2 25270 15148
0 5 31 2 -5054 -25300
0 5 32 2 -25301 35377
0 5 33 2 32771 -21
0 5 34 2 -5081 35450
0 5 35 2 35386 35396
0 5 36 2 -35362 15161
0 5 37 2 25271 15143
0 5 38 2 -5032 25293
0 5 39 2 -25254 -35405
0 5 40 2 5060 35411
0 5 41 2 15132 35407
0 5 42 2 -25284 35363
0 5 43 2 -25300 25240
0 5 44 2 35405 -25268
0 5 45 2 35399 -5060
0 5 46 2 -15169 -5034
0 5 47 2 25275 15206
0 5 48 2 5039 25294
0 5 49 2 -25290 25301
0 5 50 2 15154 25298
0 5 51 2 35367 5062
0 5 52 2 -35369 -5049
0 5 53 2 15148 5077
0 5 54 2 5039 25274
0 5 55 2 -5072 5078
0 5 56 2 35388 25261
0 5 57 2 -35375 -5097
0 5 58 2 -35439 35366
0 5 59 2 5038 35404
0 5 60 2 35389 -15150
0 5 61 2 15171 -35373
0 5 62 2 -25272 35386
0 5 63 2 -5073 35382
0 5 64 2 -25305 -5067
0 5 65 2 32749 12
0 5 66 2 25257 15159
0 5 67 2 -15156 15154
0 5 68 2 25318 -25269
0 5 69 2 15187 -5086
0 5 70 2 25298 15122
0 5 71 2 15168 -5033
0 5 72 2 5061 35413
0 5 73 2 -35409 15153
0 5 74 2 35366 5048
0 5 75 2 -35382 -15195
0 5 76 2 25263 -15168
0 5 77 2 35378 5016
0 5 78 2 35361 35404
0 5 79 2 -25266 25273
0 5 80 2 -15158 15153
0 5 81 2 25260 15185
0 5 82 2 5047 5059
0 5 83 2 35385 -15176
0 5 84 2 4998 35370
0 5 85 2 35399 5056
0 5 86 2 -15125 -25307
0 5 87 2 15139 15152
0 5 88 2 25300 -15118
0 5 89 2 -15182 -35373
0 5 90 2 -5046 -25262
0 5 91 2 5083 -35360
0 5 92 2 35401 -35380
0 5 93 2 -35412 35364
0 5 94 2 -25260 -15147
0 5 95 2 -5067 15158
0 5 96 2 -15184 25277
0 5 97 2 32778 62
0 5 98 2 -35386 5031
0 5 99 2 25285 -35409
0 5 100 2 15174 -35405
0 5 101 2 -25216 -25262
0 5 102 2 25303 -25268
0 5 103 2 -35379 5080
0 5 104 2 25262 25330
0 5 105 2 5074 -35414
0 5 106 2 35368 35395
0 5 107 2 5055 5042
0 5 108 2 -25274 -35356
0 5 109 2 15162 -35371
0 5 110 2 25254 35410
0 5 111 2 15150 35411
0 5 112 2 -25296 -25258
0 5 113 2 31 18
0 5 114 2 10 11
0 5 115 2 18 11
0 5 116 2 21 -1
0 5 117 2 -9 -19
0 5 118 2 -12 -18
0 5 119 2 4 1
0 5 120 2 -27 -23
0 5 121 2 27 -14
0 5 122 2 -53 5
0 5 123 2 7 -25
0 5 124 2 1 2
0 5 125 2 -1 -10
0 5 126 2 11 21
0 5 127 2 14 9
0 5 128 2 12 -8
0 5 129 2 7 -18
0 5 130 2 1 7
0 5 131 2 -15 -3
0 5 132 2 -7 25
0 5 133 2 41 -1
0 5 134 2 29 9
0 5 135 2 -2 -14
0 5 136 2 29 8
0 5 137 2 21 23
0 5 138 2 -10 -25
0 5 139 2 -9 14
0 5 140 2 23 -7
0 5 141 2 20 -5
0 5 142 2 -25 -21
0 5 143 2 -31 36
0 5 144 2 35400 5069
0 5 145 2 35396 25282
0 5 146 2 5056 35394
0 5 147 2 15169 15191
0 5 148 2 -35417 25296
0 5 149 2 -25281 -35444
0 5 150 2 35431 -25282
0 5 151 2 -5051 -15164
0 5 152 2 -15193 5049
0 5 153 2 15157 -15157
0 5 154 2 -35428 35386
0 5 155 2 -5072 25302
0 5 156 2 -15165 -15150
0 5 157 2 25274 -15188
0 5 158 2 15196 -35378
0 5 159 2 32783 -33
0 5 160 2 -25286 -5077
0 5 161 2 -25257 -5097
0 5 162 2 25289 -5065
0 5 163 2 -25253 -15192
0 5 164 2 15184 -35367
0 5 165 2 25261 5084
0 5 166 2 15157 -25266
0 5 167 2 -25275 -25286
0 5 168 2 35357 35365
0 5 169 2 -25288 -5035
0 5 170 2 -25270 -15151
0 5 171 2 -35380 -25308
0 5 172 2 5038 35422
0 5 173 2 15184 -35404
0 5 174 2 -5094 25269
0 5 175 2 -35396 -15189
0 5 176 2 -15167 25262
0 5 177 2 35397 35394
0 5 178 2 5042 15186
0 5 179 2 35388 -35378
0 5 180 2 25307 -35381
0 5 181 2 35399 -15145
0 5 182 2 35377 35411
0 5 183 2 25240 15186
0 5 184 2 35348 5023
0 5 185 2 -5097 35382
0 5 186 2 -35388 -35402
0 5 187 2 -35379 15164
0 5 188 2 25309 -5061
0 5 189 2 5049 15184
0 5 190 2 15171 -5061
0 5 191 2 32801 -8
0 5 192 2 -25283 15151
0 5 193 2 -25248 25297
0 5 194 2 -25274 35392
0 5 195 2 -35419 -25305
0 5 196 2 -15197 25297
0 5 197 2 -5076 5068
0 5 198 2 -15174 15163
0 5 199 2 35371 5056
0 5 200 2 25256 5077
0 5 201 2 -35419 15180
0 5 202 2 15205 -5055
0 5 203 2 -15185 25280
0 5 204 2 15153 25276
0 5 205 2 -35342 -35382
0 5 206 2 -15142 -35367
0 5 207 2 25298 35422
0 5 208 2 -5065 35434
0 5 209 2 -15144 -25307
0 5 210 2 -25250 -25281
0 5 211 2 -5061 35411
0 5 212 2 -5031 -15138
0 5 213 2 -15159 -5058
0 5 214 2 -15172 -5074
0 5 215 2 -35422 25256
0 5 216 2 -35399 25275
0 5 217 2 15178 -25255
0 5 218 2 -35361 5076
0 5 219 2 -25256 35356
0 5 220 2 25250 -35403
0 5 221 2 35407 -25281
0 5 222 2 25309 -15183
0 5 223 2 32746 24
0 5 224 2 -25275 -35425
0 5 225 2 15167 15130
0 5 226 2 5071 5086
0 5 227 2 -35385 25300
0 5 228 2 -15158 -5080
0 5 229 2 25301 -25279
0 5 230 2 -5068 25253
0 5 231 2 -35354 15145
0 5 232 2 -25279 35401
0 5 233 2 -15167 -25289
0 5 234 2 25257 -25267
0 5 235 2 -25267 -15167
0 5 236 2 5053 35449
0 5 237 2 -5032 35421
0 5 238 2 -35359 5040
0 5 239 2 15164 35362
0 5 240 2 -15151 -15203
0 5 241 2 15182 -5030
0 5 242 2 5077 -25288
0 5 243 2 25300 -5063
0 5 244 2 35385 5061
0 5 245 2 15178 15164
0 5 246 2 25280 -35366
0 5 247 2 15150 35383
0 5 248 2 -35386 35361
0 5 249 2 -25280 -5082
0 5 250 2 35394 5078
0 5 251 2 -15163 25262
0 5 252 2 25290 15185
0 5 253 2 -25308 5064
0 5 254 2 -25305 -15152
0 5 255 2 32749 -1
0 6 0 2 -440 90
0 6 1 2 32789 21
0 6 2 2 25273 -35390
0 6 3 2 35396 5067
0 6 4 2 -35401 -5078
0 6 5 2 -15163 -25218
0 6 6 2 25276 5060
0 6 7 2 5038 -15167
0 6 8 2 -35360 -35414
0 6 9 2 25284 -25246
0 6 10 2 -15156 5081
0 6 11 2 35396 -25220
0 6 12 2 25301 -35394
0 6 13 2 -35382 -5073
0 6 14 2 5053 -35392
0 6 15 2 5044 5035
0 6 16 2 15152 25258
0 6 17 2 -5067 15158
0 6 18 2 -35406 25280
0 6 19 2 -25305 -5054
0 6 20 2 35409 15155
0 6 21 2 15190 5035
0 6 22 2 -35383 25275
0 6 23 2 5036 25306
0 6 24 2 -15169 15177
0 6 25 2 -25289 25263
0 6 26 2 5040 25269
0 6 27 2 25264 25308
0 6 28 2 35393 5093
0 6 29 2 25272 -25304
0 6 30 2 -5069 5054
0 6 31 2 35347 25251
0 6 32 2 -15149 25267
0 6 33 2 32757 4
0 6 34 2 -35351 -35374
0 6 35 2 15187 -35389
0 6 36 2 -35419 35390
0 6 37 2 25262 -5057
0 6 38 2 25289 -25301
0 6 39 2 35404 -25280
0 6 40 2 25283 15174
0 6 41 2 5048 -25285
0 6 42 2 -25281 15179
0 6 43 2 35384 -15157
0 6 44 2 5043 -25258
0 6 45 2 -15184 -5072
0 6 46 2 5042 15164
0 6 47 2 -5021 -5049
0 6 48 2 -5055 -25286
0 6 49 2 5048 35368
0 6 50 2 -15175 -35384
0 6 51 2 -35372 -15143
0 6 52 2 5068 -25239
0 6 53 2 5049 -25268
0 6 54 2 25270 25339
0 6 55 2 -15169 -15194
0 6 56 2 -15159 -35396
0 6 57 2 -35398 5070
0 6 58 2 -15161 -5097
0 6 59 2 25337 -25251
0 6 60 2 5064 35424
0 6 61 2 25264 15186
0 6 62 2 25274 -15148
0 6 63 2 -5046 -15199
0 6 64 2 15161 35425
0 6 65 2 32769 -6
0 6 66 2 15184 -5050
0 6 67 2 -35373 -5066
0 6 68 2 -35406 5067
0 6 69 2 15178 -25259
0 6 70 2 -35406 -15195
0 6 71 2 -5073 5056
0 6 72 2 15181 -35354
0 6 73 2 25282 -5066
0 6 74 2 -5043 -15179
0 6 75 2 -15193 35394
0 6 76 2 -5049 5042
0 6 77 2 -15142 25313
0 6 78 2 -35405 35396
0 6 79 2 -15171 35351
0 6 80 2 -35362 -25289
0 6 81 2 5064 -25253
0 6 82 2 -15170 -5075
0 6 83 2 -35402 35388
0 6 84 2 5021 -5026
0 6 85 2 -5075 15140
0 6 86 2 15146 15203
0 6 87 2 25241 35402
0 6 88 2 35378 35386
0 6 89 2 -15159 35394
0 6 90 2 15165 -35390
0 6 91 2 -5079 35378
0 6 92 2 25312 -25258
0 6 93 2 -5079 15150
0 6 94 2 -35423 5051
0 6 95 2 -15145 -5024
0 6 96 2 -25273 -5070
0 6 97 2 32751 -5
0 6 98 2 -25274 15117
0 6 99 2 -15163 -25299
0 6 100 2 15162 35373
0 6 101 2 -5075 15147
0 6 102 2 35409 -15161
0 6 103 2 -15173 35357
0 6 104 2 15159 25278
0 6 105 2 -5070 -15163
0 6 106 2 25318 15154
0 6 107 2 -5058 15188
0 6 108 2 -5080 5058
0 6 109 2 25297 -25283
0 6 110 2 -5015 -25277
0 6 111 2 -15120 -35407
0 6 112 2 25263 -5026
0 6 113 2 -11 9
0 6 114 2 23 5
0 6 115 2 -8 -16
0 6 116 2 2 30
0 6 117 2 -4 22
0 6 118 2 -26 -7
0 6 119 2 -6 -29
0 6 120 2 -24 29
0 6 121 2 28 15
0 6 122 2 7 22
0 6 123 2 22 -41
0 6 124 2 -19 10
0 6 125 2 -17 34
0 6 126 2 3 -4
0 6 127 2 8 -13
0 6 128 2 -4 23
0 6 129 2 -4 -13
0 6 130 2 1 1
0 6 131 2 6 8
0 6 132 2 27 -7
0 6 133 2 28 -5
0 6 134 2 13 0
0 6 135 2 0 -16
0 6 136 2 2 12
0 6 137 2 -9 10
0 6 138 2 -15 5
0 6 139 2 -2 -6
0 6 140 2 14 58
0 6 141 2 17 3
0 6 142 2 -7 -51
0 6 143 2 21 8
0 6 144 2 -15153 -25287
0 6 145 2 -15155 -35409
0 6 146 2 15198 -35362
0 6 147 2 25302 -5037
0 6 148 2 -15135 35401
0 6 149 2 35409 -5059
0 6 150 2 25294 25261
0 6 151 2 25307 -25277
0 6 152 2 35386 5069
0 6 153 2 15129 35350
0 6 154 2 -35401 -35427
0 6 155 2 -25269 -15163
0 6 156 2 -35405 -5061
0 6 157 2 -15162 5076
0 6 158 2 -35380 -35413
0 6 159 2 32764 2
0 6 160 2 -25282 5054
0 6 161 2 -25275 -25298
0 6 162 2 15155 -5050
0 6 163 2 5048 5041
0 6 164 2 -5027 -35398
0 6 165 2 -15167 -35399
0 6 166 2 -5024 -25305
0 6 167 2 -35404 -5061
0 6 168 2 35380 -15162
0 6 169 2 25265 -5017
0 6 170 2 5042 -5069
0 6 171 2 -5125 15198
0 6 172 2 5066 -35379
0 6 173 2 35386 -15143
0 6 174 2 -25258 -35376
0 6 175 2 -35422 25252
0 6 176 2 -25259 35378
0 6 177 2 -15142 25281
0 6 178 2 -15147 -15171
0 6 179 2 35410 -5040
0 6 180 2 -35378 -25305
0 6 181 2 35364 25308
0 6 182 2 -5031 -35348
0 6 183 2 -5045 -5042
0 6 184 2 -25289 -35399
0 6 185 2 -25276 -25316
0 6 186 2 -15136 -15169
0 6 187 2 5086 -15130
0 6 188 2 25264 35390
0 6 189 2 -15160 5072
0 6 190 2 35381 -15156
0 6 191 2 32758 -1
0 6 192 2 5039 5044
0 6 193 2 25312 -15129
0 6 194 2 15090 15171
0 6 195 2 5092 -35405
0 6 196 2 -15149 -5080
0 6 197 2 -25264 -15195
0 6 198 2 -15198 25236
0 6 199 2 35398 -25255
0 6 200 2 25239 25285
0 6 201 2 -25242 -15151
0 6 202 2 -35397 -35363
0 6 203 2 -5061 25301
0 6 204 2 -15161 -5025
0 6 205 2 -15184 -15157
0 6 206 2 25268 5070
0 6 207 2 15194 -15184
0 6 208 2 35367 25294
0 6 209 2 15154 -15178
0 6 210 2 -15182 -5072
0 6 211 2 -35406 -5080
0 6 212 2 35384 -15139
0 6 213 2 -25264 35351
0 6 214 2 15162 -25292
0 6 215 2 15163 5091
0 6 216 2 25274 35428
0 6 217 2 -35410 35383
0 6 218 2 25301 -15191
0 6 219 2 35382 -4988
0 6 220 2 -25256 5061
0 6 221 2 -35416 -15185
0 6 222 2 -35383 -35396
0 6 223 2 32780 -15
0 6 224 2 -25330 5068
0 6 225 2 15177 -25278
0 6 226 2 5044 -5077
0 6 227 2 15189 15167
0 6 228 2 35395 -5046
0 6 229 2 5070 5084
0 6 230 2 5109 -15193
0 6 231 2 -15165 5064
0 6 232 2 -15164 -5051
0 6 233 2 -25282 -15196
0 6 234 2 35378 -25265
0 6 235 2 35388 35383
0 6 236 2 5065 -15169
0 6 237 2 -35423 25277
0 6 238 2 -5060 35363
0 6 239 2 -15163 -15152
0 6 240 2 5063 5078
0 6 241 2 35407 -25266
0 6 242 2 25247 25285
0 6 243 2 5036 -35401
0 6 244 2 5078 35399
0 6 245 2 5082 -35364
0 6 246 2 -35375 5081
0 6 247 2 25268 -15142
0 6 248 2 -25316 5032
0 6 249 2 25303 5045
0 6 250 2 -25262 -5049
0 6 251 2 5070 -25292
0 6 252 2 -35393 15137
0 6 253 2 35425 -15204
0 6 254 2 -25297 15104
0 6 255 2 32761 -22
