0 1 0 1 1 7 0 0 0 0 0
0 1 1 1 1 7 0 0 0 0 0
0 1 2 1 1 -7 0 0 0 0 0
0 1 3 1 1 -7 0 0 0 0 0
0 1 4 1 1 -7 0 0 0 0 0
0 1 5 1 1 7 0 0 0 0 0
0 1 6 1 1 7 0 0 0 0 0
0 1 7 1 1 7 0 0 0 0 0
0 1 8 1 1 -7 0 0 0 0 0
0 1 9 1 1 7 0 0 0 0 0
0 1 10 1 1 7 0 0 0 0 0
0 1 11 1 1 -7 0 0 0 0 0
0 1 12 1 1 7 0 0 0 0 0
0 1 13 1 1 7 0 0 0 0 0
0 1 14 1 1 7 0 0 0 0 0
0 1 15 1 1 7 0 0 0 0 0
0 1 16 1 1 -7 0 0 0 0 0
0 1 17 1 1 -7 0 0 0 0 0
0 1 18 1 1 -7 0 0 0 0 0
0 1 19 1 1 7 0 0 0 0 0
0 1 20 1 1 -7 0 0 0 0 0
0 1 21 1 1 7 0 0 0 0 0
0 1 22 1 1 -7 0 0 0 0 0
0 1 23 1 1 7 0 0 0 0 0
0 1 24 1 1 -7 0 0 0 0 0
0 1 25 1 1 -7 0 0 0 0 0
0 1 26 1 1 -7 0 0 0 0 0
0 1 27 1 1 -7 0 0 0 0 0
0 1 28 1 1 7 0 0 0 0 0
0 1 29 1 1 7 0 0 0 0 0
0 1 30 1 1 7 0 0 0 0 0
0 1 31 1 1 -7 0 0 0 0 0
0 1 32 1 1 -7 0 0 0 0 0
0 1 33 1 1 -7 0 0 0 0 0
0 1 34 1 1 7 0 0 0 0 0
0 1 35 1 1 7 0 0 0 0 0
0 1 36 1 1 7 0 0 0 0 0
0 1 37 1 1 7 0 0 0 0 0
0 1 38 1 1 7 0 0 0 0 0
0 1 39 1 1 -7 0 0 0 0 0
0 1 40 1 1 7 0 0 0 0 0
0 1 41 1 1 7 0 0 0 0 0
0 1 42 1 1 7 0 0 0 0 0
0 1 43 1 1 -7 0 0 0 0 0
0 1 44 1 1 -7 0 0 0 0 0
0 1 45 1 1 7 0 0 0 0 0
0 1 46 1 1 7 0 0 0 0 0
0 1 47 1 1 7 0 0 0 0 0
0 1 48 1 1 -7 0 0 0 0 0
0 1 49 1 1 7 0 0 0 0 0
0 1 50 1 1 7 0 0 0 0 0
0 1 51 1 1 7 0 0 0 0 0
0 1 52 1 1 7 0 0 0 0 0
0 1 53 1 1 7 0 0 0 0 0
0 1 54 1 1 7 0 0 0 0 0
0 1 55 1 1 7 0 0 0 0 0
0 1 56 1 1 7 0 0 0 0 0
0 1 57 1 1 -7 0 0 0 0 0
0 1 58 1 1 7 0 0 0 0 0
0 1 59 1 1 -7 0 0 0 0 0
0 1 60 1 1 7 0 0 0 0 0
0 1 61 1 1 -7 0 0 0 0 0
0 1 62 1 1 -7 0 0 0 0 0
0 1 63 1 1 -7 0 0 0 0 0
0 1 64 1 1 -7 0 0 0 0 0
0 1 65 1 1 7 0 0 0 0 0
0 1 66 1 1 -7 0 0 0 0 0
0 1 67 1 1 7 0 0 0 0 0
0 1 68 1 1 7 0 0 0 0 0
0 1 69 1 1 7 0 0 0 0 0
0 1 70 1 1 7 0 0 0 0 0
0 1 71 1 1 -7 0 0 0 0 0
0 1 72 1 1 -7 0 0 0 0 0
0 1 73 1 1 -7 0 0 0 0 0
0 1 74 1 1 7 0 0 0 0 0
0 1 75 1 1 -7 0 0 0 0 0
0 1 76 1 1 -7 0 0 0 0 0
0 1 77 1 1 7 0 0 0 0 0
0 1 78 1 1 7 0 0 0 0 0
0 1 79 1 1 -7 0 0 0 0 0
0 1 80 1 1 7 0 0 0 0 0
0 1 81 1 1 7 0 0 0 0 0
0 1 82 1 1 -7 0 0 0 0 0
0 1 83 1 1 7 0 0 0 0 0
0 1 84 1 1 7 0 0 0 0 0
0 1 85 1 1 7 0 0 0 0 0
0 1 86 1 1 7 0 0 0 0 0
0 1 87 1 1 7 0 0 0 0 0
0 1 88 1 1 -7 0 0 0 0 0
0 1 89 1 1 7 0 0 0 0 0
0 1 90 1 1 -7 0 0 0 0 0
0 1 91 1 1 -7 0 0 0 0 0
0 1 92 1 1 7 0 0 0 0 0
0 1 93 1 1 -7 0 0 0 0 0
0 1 94 1 1 -7 0 0 0 0 0
0 1 95 1 1 -7 0 0 0 0 0
0 1 96 1 1 -7 0 0 0 0 0
0 1 97 1 1 7 0 0 0 0 0
0 1 98 1 1 7 0 0 0 0 0
0 1 99 1 1 -7 0 0 0 0 0
0 1 100 1 1 -7 0 0 0 0 0
0 1 101 1 1 7 0 0 0 0 0
0 1 102 1 1 -7 0 0 0 0 0
0 1 103 1 1 7 0 0 0 0 0
0 1 104 1 1 7 0 0 0 0 0
0 1 105 1 1 -7 0 0 0 0 0
0 1 106 1 1 7 0 0 0 0 0
0 1 107 1 1 7 0 0 0 0 0
0 1 108 1 1 -7 0 0 0 0 0
0 1 109 1 1 7 0 0 0 0 0
0 1 110 1 1 -7 0 0 0 0 0
0 1 111 1 1 -7 0 0 0 0 0
0 1 112 1 1 -7 0 0 0 0 0
0 1 113 1 1 -7 0 0 0 0 0
0 1 114 1 1 7 0 0 0 0 0
0 1 115 1 1 7 0 0 0 0 0
0 1 116 1 1 7 0 0 0 0 0
0 1 117 1 1 -7 0 0 0 0 0
0 1 118 1 1 -7 0 0 0 0 0
0 1 119 1 1 -7 0 0 0 0 0
0 1 120 1 1 7 0 0 0 0 0
0 1 121 1 1 7 0 0 0 0 0
0 1 122 1 1 -7 0 0 0 0 0
0 1 123 1 1 -7 0 0 0 0 0
0 1 124 1 1 -7 0 0 0 0 0
0 1 125 1 1 -7 0 0 0 0 0
0 1 126 1 1 7 0 0 0 0 0
0 1 127 1 1 -7 0 0 0 0 0
0 1 128 1 1 -7 0 0 0 0 0
0 1 129 1 1 7 0 0 0 0 0
0 1 130 1 1 7 0 0 0 0 0
0 1 131 1 1 -7 0 0 0 0 0
0 1 132 1 1 7 0 0 0 0 0
0 1 133 1 1 7 0 0 0 0 0
0 1 134 1 1 -7 0 0 0 0 0
0 1 135 1 1 7 0 0 0 0 0
0 1 136 1 1 -7 0 0 0 0 0
0 1 137 1 1 -7 0 0 0 0 0
0 1 138 1 1 -7 0 0 0 0 0
0 1 139 1 1 7 0 0 0 0 0
0 1 140 1 1 7 0 0 0 0 0
0 1 141 1 1 -7 0 0 0 0 0
0 1 142 1 1 -7 0 0 0 0 0
0 1 143 1 1 7 0 0 0 0 0
0 1 144 1 1 -7 0 0 0 0 0
0 1 145 1 1 7 0 0 0 0 0
0 1 146 1 1 7 0 0 0 0 0
0 1 147 1 1 -7 0 0 0 0 0
0 1 148 1 1 7 0 0 0 0 0
0 1 149 1 1 -7 0 0 0 0 0
0 1 150 1 1 7 0 0 0 0 0
0 1 151 1 1 7 0 0 0 0 0
0 1 152 1 1 7 0 0 0 0 0
0 1 153 1 1 -7 0 0 0 0 0
0 1 154 1 1 7 0 0 0 0 0
0 1 155 1 1 7 0 0 0 0 0
0 1 156 1 1 7 0 0 0 0 0
0 1 157 1 1 7 0 0 0 0 0
0 1 158 1 1 -7 0 0 0 0 0
0 1 159 1 1 -7 0 0 0 0 0
0 1 160 1 1 7 0 0 0 0 0
0 1 161 1 1 7 0 0 0 0 0
0 1 162 1 1 7 0 0 0 0 0
0 1 163 1 1 -7 0 0 0 0 0
0 1 164 1 1 -7 0 0 0 0 0
0 1 165 1 1 7 0 0 0 0 0
0 1 166 1 1 -7 0 0 0 0 0
0 1 167 1 1 7 0 0 0 0 0
0 1 168 1 1 7 0 0 0 0 0
0 1 169 1 1 -7 0 0 0 0 0
0 1 170 1 1 7 0 0 0 0 0
0 1 171 1 1 7 0 0 0 0 0
0 1 172 1 1 -7 0 0 0 0 0
0 1 173 1 1 7 0 0 0 0 0
0 1 174 1 1 7 0 0 0 0 0
0 1 175 1 1 -7 0 0 0 0 0
0 1 176 1 1 -7 0 0 0 0 0
0 1 177 1 1 7 0 0 0 0 0
0 1 178 1 1 7 0 0 0 0 0
0 1 179 1 1 -7 0 0 0 0 0
0 1 180 1 1 7 0 0 0 0 0
0 1 181 1 1 -7 0 0 0 0 0
0 1 182 1 1 7 0 0 0 0 0
0 1 183 1 1 -7 0 0 0 0 0
0 1 184 1 1 -7 0 0 0 0 0
0 1 185 1 1 7 0 0 0 0 0
0 1 186 1 1 -7 0 0 0 0 0
0 1 187 1 1 7 0 0 0 0 0
0 1 188 1 1 7 0 0 0 0 0
0 1 189 1 1 7 0 0 0 0 0
0 1 190 1 1 7 0 0 0 0 0
0 1 191 1 1 7 0 0 0 0 0
0 1 192 1 1 7 0 0 0 0 0
0 1 193 1 1 7 0 0 0 0 0
0 1 194 1 1 7 0 0 0 0 0
0 1 195 1 1 -7 0 0 0 0 0
0 1 196 1 1 7 0 0 0 0 0
0 1 197 1 1 -7 0 0 0 0 0
0 1 198 1 1 -7 0 0 0 0 0
0 1 199 1 1 7 0 0 0 0 0
0 1 200 1 1 -7 0 0 0 0 0
0 1 201 1 1 7 0 0 0 0 0
0 1 202 1 1 -7 0 0 0 0 0
0 1 203 1 1 7 0 0 0 0 0
0 1 204 1 1 -7 0 0 0 0 0
0 1 205 1 1 -7 0 0 0 0 0
0 1 206 1 1 7 0 0 0 0 0
0 1 207 1 1 -7 0 0 0 0 0
0 1 208 1 1 -7 0 0 0 0 0
0 1 209 1 1 7 0 0 0 0 0
0 1 210 1 1 -7 0 0 0 0 0
0 1 211 1 1 -7 0 0 0 0 0
0 1 212 1 1 7 0 0 0 0 0
0 1 213 1 1 7 0 0 0 0 0
0 1 214 1 1 7 0 0 0 0 0
0 1 215 1 1 -7 0 0 0 0 0
0 2 0 1 1 -7 0 0 0 0 0
0 2 1 1 1 -7 0 0 0 0 0
0 2 2 1 1 7 0 0 0 0 0
0 2 3 1 1 7 0 0 0 0 0
0 2 4 1 1 -7 0 0 0 0 0
0 2 5 1 1 7 0 0 0 0 0
0 2 6 1 1 7 0 0 0 0 0
0 2 7 1 1 7 0 0 0 0 0
0 2 8 1 1 7 0 0 0 0 0
0 2 9 1 1 -7 0 0 0 0 0
0 2 10 1 1 -7 0 0 0 0 0
0 2 11 1 1 -7 0 0 0 0 0
0 2 12 1 1 7 0 0 0 0 0
0 2 13 1 1 7 0 0 0 0 0
0 2 14 1 1 -7 0 0 0 0 0
0 2 15 1 1 7 0 0 0 0 0
0 2 16 1 1 -7 0 0 0 0 0
0 2 17 1 1 -7 0 0 0 0 0
0 2 18 1 1 -7 0 0 0 0 0
0 2 19 1 1 7 0 0 0 0 0
0 2 20 1 1 7 0 0 0 0 0
0 2 21 1 1 7 0 0 0 0 0
0 2 22 1 1 7 0 0 0 0 0
0 2 23 1 1 -7 0 0 0 0 0
0 2 24 1 1 -7 0 0 0 0 0
0 2 25 1 1 7 0 0 0 0 0
0 2 26 1 1 -7 0 0 0 0 0
0 2 27 1 1 7 0 0 0 0 0
0 2 28 1 1 7 0 0 0 0 0
0 2 29 1 1 -7 0 0 0 0 0
0 2 30 1 1 7 0 0 0 0 0
0 2 31 1 1 7 0 0 0 0 0
0 2 32 1 1 7 0 0 0 0 0
0 2 33 1 1 7 0 0 0 0 0
0 2 34 1 1 -7 0 0 0 0 0
0 2 35 1 1 -7 0 0 0 0 0
0 2 36 1 1 7 0 0 0 0 0
0 2 37 1 1 -7 0 0 0 0 0
0 2 38 1 1 7 0 0 0 0 0
0 2 39 1 1 -7 0 0 0 0 0
0 2 40 1 1 7 0 0 0 0 0
0 2 41 1 1 -7 0 0 0 0 0
0 2 42 1 1 -7 0 0 0 0 0
0 2 43 1 1 7 0 0 0 0 0
0 2 44 1 1 -7 0 0 0 0 0
0 2 45 1 1 7 0 0 0 0 0
0 2 46 1 1 7 0 0 0 0 0
0 2 47 1 1 7 0 0 0 0 0
0 2 48 1 1 7 0 0 0 0 0
0 2 49 1 1 7 0 0 0 0 0
0 2 50 1 1 -7 0 0 0 0 0
0 2 51 1 1 -7 0 0 0 0 0
0 2 52 1 1 7 0 0 0 0 0
0 2 53 1 1 -7 0 0 0 0 0
0 2 54 1 1 7 0 0 0 0 0
0 2 55 1 1 7 0 0 0 0 0
0 2 56 1 1 7 0 0 0 0 0
0 2 57 1 1 7 0 0 0 0 0
0 2 58 1 1 7 0 0 0 0 0
0 2 59 1 1 -7 0 0 0 0 0
0 2 60 1 1 7 0 0 0 0 0
0 2 61 1 1 7 0 0 0 0 0
0 2 62 1 1 -7 0 0 0 0 0
0 2 63 1 1 -7 0 0 0 0 0
0 2 64 1 1 -7 0 0 0 0 0
0 2 65 1 1 -7 0 0 0 0 0
0 2 66 1 1 7 0 0 0 0 0
0 2 67 1 1 7 0 0 0 0 0
0 2 68 1 1 -7 0 0 0 0 0
0 2 69 1 1 -7 0 0 0 0 0
0 2 70 1 1 7 0 0 0 0 0
0 2 71 1 1 -7 0 0 0 0 0
0 2 72 1 1 7 0 0 0 0 0
0 2 73 1 1 -7 0 0 0 0 0
0 2 74 1 1 -7 0 0 0 0 0
0 2 75 1 1 -7 0 0 0 0 0
0 2 76 1 1 7 0 0 0 0 0
0 2 77 1 1 -7 0 0 0 0 0
0 2 78 1 1 7 0 0 0 0 0
0 2 79 1 1 -7 0 0 0 0 0
0 2 80 1 1 -7 0 0 0 0 0
0 2 81 1 1 7 0 0 0 0 0
0 2 82 1 1 7 0 0 0 0 0
0 2 83 1 1 7 0 0 0 0 0
0 2 84 1 1 7 0 0 0 0 0
0 2 85 1 1 7 0 0 0 0 0
0 2 86 1 1 7 0 0 0 0 0
0 2 87 1 1 7 0 0 0 0 0
0 2 88 1 1 7 0 0 0 0 0
0 2 89 1 1 7 0 0 0 0 0
0 2 90 1 1 -7 0 0 0 0 0
0 2 91 1 1 -7 0 0 0 0 0
0 2 92 1 1 -7 0 0 0 0 0
0 2 93 1 1 7 0 0 0 0 0
0 2 94 1 1 -7 0 0 0 0 0
0 2 95 1 1 -7 0 0 0 0 0
0 2 96 1 1 7 0 0 0 0 0
0 2 97 1 1 -7 0 0 0 0 0
0 2 98 1 1 -7 0 0 0 0 0
0 2 99 1 1 7 0 0 0 0 0
0 2 100 1 1 7 0 0 0 0 0
0 2 101 1 1 7 0 0 0 0 0
0 2 102 1 1 7 0 0 0 0 0
0 2 103 1 1 -7 0 0 0 0 0
0 2 104 1 1 7 0 0 0 0 0
0 2 105 1 1 -7 0 0 0 0 0
0 2 106 1 1 -7 0 0 0 0 0
0 2 107 1 1 7 0 0 0 0 0
0 2 108 1 1 -7 0 0 0 0 0
0 2 109 1 1 7 0 0 0 0 0
0 2 110 1 1 7 0 0 0 0 0
0 2 111 1 1 -7 0 0 0 0 0
0 2 112 1 1 -7 0 0 0 0 0
0 2 113 1 1 7 0 0 0 0 0
0 2 114 1 1 7 0 0 0 0 0
0 2 115 1 1 7 0 0 0 0 0
0 2 116 1 1 -7 0 0 0 0 0
0 2 117 1 1 -7 0 0 0 0 0
0 2 118 1 1 -7 0 0 0 0 0
0 2 119 1 1 -7 0 0 0 0 0
0 2 120 1 1 7 0 0 0 0 0
0 2 121 1 1 -7 0 0 0 0 0
0 2 122 1 1 -7 0 0 0 0 0
0 2 123 1 1 7 0 0 0 0 0
0 2 124 1 1 7 0 0 0 0 0
0 2 125 1 1 -7 0 0 0 0 0
0 2 126 1 1 -7 0 0 0 0 0
0 2 127 1 1 7 0 0 0 0 0
0 2 128 1 1 7 0 0 0 0 0
0 2 129 1 1 -7 0 0 0 0 0
0 2 130 1 1 7 0 0 0 0 0
0 2 131 1 1 7 0 0 0 0 0
0 2 132 1 1 -7 0 0 0 0 0
0 2 133 1 1 7 0 0 0 0 0
0 2 134 1 1 7 0 0 0 0 0
0 2 135 1 1 -7 0 0 0 0 0
0 2 136 1 1 7 0 0 0 0 0
0 2 137 1 1 7 0 0 0 0 0
0 2 138 1 1 -7 0 0 0 0 0
0 2 139 1 1 7 0 0 0 0 0
0 2 140 1 1 -7 0 0 0 0 0
0 2 141 1 1 7 0 0 0 0 0
0 2 142 1 1 -7 0 0 0 0 0
0 2 143 1 1 7 0 0 0 0 0
0 2 144 1 1 7 0 0 0 0 0
0 2 145 1 1 7 0 0 0 0 0
0 2 146 1 1 7 0 0 0 0 0
0 2 147 1 1 -7 0 0 0 0 0
0 2 148 1 1 7 0 0 0 0 0
0 2 149 1 1 -7 0 0 0 0 0
0 2 150 1 1 7 0 0 0 0 0
0 2 151 1 1 7 0 0 0 0 0
0 2 152 1 1 7 0 0 0 0 0
0 2 153 1 1 -7 0 0 0 0 0
0 2 154 1 1 -7 0 0 0 0 0
0 2 155 1 1 7 0 0 0 0 0
0 2 156 1 1 7 0 0 0 0 0
0 2 157 1 1 7 0 0 0 0 0
0 2 158 1 1 -7 0 0 0 0 0
0 2 159 1 1 7 0 0 0 0 0
0 2 160 1 1 7 0 0 0 0 0
0 2 161 1 1 7 0 0 0 0 0
0 2 162 1 1 7 0 0 0 0 0
0 2 163 1 1 -7 0 0 0 0 0
0 2 164 1 1 7 0 0 0 0 0
0 2 165 1 1 7 0 0 0 0 0
0 2 166 1 1 7 0 0 0 0 0
0 2 167 1 1 -7 0 0 0 0 0
0 2 168 1 1 -7 0 0 0 0 0
0 2 169 1 1 7 0 0 0 0 0
0 2 170 1 1 -7 0 0 0 0 0
0 2 171 1 1 7 0 0 0 0 0
0 2 172 1 1 7 0 0 0 0 0
0 2 173 1 1 7 0 0 0 0 0
0 2 174 1 1 7 0 0 0 0 0
0 2 175 1 1 -7 0 0 0 0 0
0 2 176 1 1 7 0 0 0 0 0
0 2 177 1 1 -7 0 0 0 0 0
0 2 178 1 1 -7 0 0 0 0 0
0 2 179 1 1 -7 0 0 0 0 0
0 2 180 1 1 7 0 0 0 0 0
0 2 181 1 1 -7 0 0 0 0 0
0 2 182 1 1 7 0 0 0 0 0
0 2 183 1 1 -7 0 0 0 0 0
0 2 184 1 1 7 0 0 0 0 0
0 2 185 1 1 7 0 0 0 0 0
0 2 186 1 1 7 0 0 0 0 0
0 2 187 1 1 -7 0 0 0 0 0
0 2 188 1 1 -7 0 0 0 0 0
0 2 189 1 1 -7 0 0 0 0 0
0 2 190 1 1 7 0 0 0 0 0
0 2 191 1 1 7 0 0 0 0 0
0 2 192 1 1 -7 0 0 0 0 0
0 2 193 1 1 7 0 0 0 0 0
0 2 194 1 1 7 0 0 0 0 0
0 2 195 1 1 -7 0 0 0 0 0
0 2 196 1 1 7 0 0 0 0 0
0 2 197 1 1 7 0 0 0 0 0
0 2 198 1 1 -7 0 0 0 0 0
0 2 199 1 1 -7 0 0 0 0 0
0 2 200 1 1 7 0 0 0 0 0
0 2 201 1 1 -7 0 0 0 0 0
0 2 202 1 1 7 0 0 0 0 0
0 2 203 1 1 7 0 0 0 0 0
0 2 204 1 1 -7 0 0 0 0 0
0 2 205 1 1 7 0 0 0 0 0
0 2 206 1 1 -7 0 0 0 0 0
0 2 207 1 1 -7 0 0 0 0 0
0 2 208 1 1 -7 0 0 0 0 0
0 2 209 1 1 7 0 0 0 0 0
0 2 210 1 1 7 0 0 0 0 0
0 2 211 1 1 -7 0 0 0 0 0
0 2 212 1 1 -7 0 0 0 0 0
0 2 213 1 1 -7 0 0 0 0 0
0 2 214 1 1 7 0 0 0 0 0
0 2 215 1 1 -7 0 0 0 0 0
0 3 0 3 6 7 7 7 7 -7 -7
0 3 1 3 6 -7 7 -7 -7 7 7
0 3 2 3 6 -7 7 7 7 -7 -7
0 3 3 3 6 7 -7 -7 -7 -7 -7
0 3 4 3 6 7 -7 -7 -7 7 7
0 3 5 3 6 -7 7 7 -7 -7 -7
0 3 6 3 6 7 7 7 -7 -7 -7
0 3 7 3 6 7 7 -7 -7 -7 7
0 3 8 3 6 -7 7 7 7 7 -7
0 3 9 3 6 7 7 7 -7 -7 7
0 3 10 3 6 7 -7 7 7 -7 7
0 3 11 3 6 7 -7 7 -7 7 7
0 3 12 3 6 -7 7 -7 -7 7 -7
0 3 13 3 6 -7 -7 7 7 -7 -7
0 3 14 3 6 7 -7 7 -7 7 -7
0 3 15 3 6 -7 -7 -7 -7 -7 7
0 3 16 3 6 -7 -7 7 -7 7 -7
0 3 17 3 6 7 -7 7 7 7 -7
0 3 18 3 6 -7 7 7 -7 7 7
0 3 19 3 6 -7 -7 -7 -7 -7 7
0 3 20 3 6 -7 7 -7 -7 7 7
0 3 21 3 6 7 -7 -7 7 -7 7
0 3 22 3 6 -7 7 -7 7 7 7
0 3 23 3 6 -7 -7 -7 -7 7 -7
0 3 24 3 6 -7 -7 7 -7 7 -7
0 3 25 3 6 -7 7 -7 7 -7 7
0 3 26 3 6 -7 -7 -7 7 7 7
0 3 27 3 6 -7 7 -7 -7 7 -7
0 3 28 3 6 7 7 -7 -7 -7 7
0 3 29 3 6 -7 -7 7 -7 -7 7
0 3 30 3 6 7 -7 -7 7 -7 7
0 3 31 3 6 -7 7 -7 -7 -7 -7
0 3 32 3 6 -7 -7 -7 -7 7 7
0 3 33 3 6 -7 -7 -7 7 7 7
0 3 34 3 6 -7 -7 -7 7 -7 7
0 3 35 3 6 7 7 -7 7 -7 -7
0 3 36 3 6 -7 7 -7 7 -7 -7
0 3 37 3 6 7 7 7 -7 -7 7
0 3 38 3 6 -7 7 7 7 -7 -7
0 3 39 3 6 -7 7 -7 -7 7 7
0 3 40 3 6 -7 -7 7 7 -7 7
0 3 41 3 6 7 -7 -7 7 -7 7
0 3 42 3 6 7 -7 7 7 7 7
0 3 43 3 6 7 -7 7 7 -7 -7
0 3 44 3 6 -7 7 7 -7 7 -7
0 3 45 3 6 7 7 -7 7 7 7
0 3 46 3 6 7 7 -7 -7 7 7
0 3 47 3 6 -7 -7 -7 7 -7 -7
0 3 48 3 6 7 -7 -7 7 -7 7
0 3 49 3 6 7 -7 -7 7 7 7
0 3 50 3 6 -7 -7 -7 7 7 -7
0 3 51 3 6 7 -7 7 7 -7 -7
0 3 52 3 6 -7 7 -7 7 -7 -7
0 3 53 3 6 -7 -7 7 -7 -7 -7
0 3 54 3 6 -7 -7 -7 7 -7 -7
0 3 55 3 6 7 -7 -7 7 7 7
0 3 56 3 6 -7 7 -7 7 -7 -7
0 3 57 3 6 -7 -7 -7 7 -7 7
0 3 58 3 6 -7 7 7 7 7 -7
0 3 59 3 6 -7 7 7 7 -7 7
0 3 60 3 6 7 7 -7 -7 -7 -7
0 3 61 3 6 7 7 7 7 7 -7
0 3 62 3 6 -7 -7 7 -7 -7 7
0 3 63 3 6 -7 -7 -7 -7 -7 -7
0 3 64 3 6 7 -7 -7 7 7 -7
0 3 65 3 6 -7 -7 -7 -7 -7 -7
0 3 66 3 6 -7 -7 -7 -7 -7 -7
0 3 67 3 6 7 7 7 -7 7 -7
0 3 68 3 6 -7 -7 -7 -7 7 7
0 3 69 3 6 7 -7 -7 7 -7 7
0 3 70 3 6 7 7 -7 7 -7 7
0 3 71 3 6 7 -7 7 7 7 -7
0 3 72 3 6 -7 7 -7 7 7 -7
0 3 73 3 6 7 7 7 -7 -7 7
0 3 74 3 6 -7 7 -7 7 7 -7
0 3 75 3 6 7 7 -7 7 7 7
0 3 76 3 6 -7 -7 7 -7 -7 7
0 3 77 3 6 -7 -7 -7 -7 -7 -7
0 3 78 3 6 7 -7 7 7 -7 7
0 3 79 3 6 7 7 -7 7 -7 -7
0 3 80 3 6 -7 -7 7 7 -7 -7
0 3 81 3 6 7 7 7 -7 7 -7
0 3 82 3 6 7 7 7 7 -7 -7
0 3 83 3 6 7 -7 7 7 -7 7
0 3 84 3 6 7 -7 7 -7 7 7
0 3 85 3 6 -7 7 -7 -7 7 -7
0 3 86 3 6 -7 7 -7 -7 7 7
0 3 87 3 6 -7 -7 7 7 -7 -7
0 3 88 3 6 -7 -7 7 7 -7 7
0 3 89 3 6 -7 -7 7 7 -7 7
0 3 90 3 6 -7 -7 7 -7 7 7
0 3 91 3 6 7 -7 -7 -7 7 7
0 3 92 3 6 7 -7 7 -7 7 7
0 3 93 3 6 -7 7 -7 7 -7 7
0 3 94 3 6 7 -7 7 -7 -7 -7
0 3 95 3 6 7 -7 -7 -7 -7 7
0 3 96 3 6 -7 -7 -7 7 7 -7
0 3 97 3 6 7 7 7 7 -7 7
0 3 98 3 6 -7 -7 7 7 7 -7
0 3 99 3 6 7 7 -7 7 -7 -7
0 3 100 3 6 7 7 7 7 7 7
0 3 101 3 6 7 -7 7 -7 7 -7
0 3 102 3 6 7 7 7 7 -7 -7
0 3 103 3 6 -7 -7 -7 -7 7 -7
0 3 104 3 6 -7 7 7 -7 7 7
0 3 105 3 6 -7 7 -7 7 7 -7
0 3 106 3 6 7 -7 7 7 -7 -7
0 3 107 3 6 7 -7 -7 7 -7 7
0 3 108 3 6 7 -7 7 -7 -7 7
0 3 109 3 6 7 7 -7 7 -7 7
0 3 110 3 6 7 -7 -7 -7 -7 -7
0 3 111 3 6 7 -7 -7 7 -7 -7
0 3 112 3 6 -7 -7 -7 7 7 -7
0 3 113 3 6 7 -7 -7 -7 7 -7
0 3 114 3 6 -7 7 7 -7 7 7
0 3 115 3 6 7 7 -7 -7 7 7
0 3 116 3 6 7 -7 7 7 -7 -7
0 3 117 3 6 -7 7 7 -7 -7 7
0 3 118 3 6 7 7 7 7 7 7
0 3 119 3 6 7 7 -7 7 7 7
0 3 120 3 6 -7 -7 -7 -7 -7 7
0 3 121 3 6 7 -7 -7 7 -7 7
0 3 122 3 6 -7 7 -7 -7 -7 -7
0 3 123 3 6 7 -7 -7 -7 -7 7
0 3 124 3 6 -7 7 7 7 7 7
0 3 125 3 6 -7 7 -7 7 7 7
0 3 126 3 6 -7 7 -7 -7 7 -7
0 3 127 3 6 -7 7 -7 7 7 -7
0 3 128 3 6 -7 -7 -7 -7 7 7
0 3 129 3 6 -7 7 7 7 -7 7
0 3 130 3 6 7 7 -7 7 7 -7
0 3 131 3 6 -7 -7 7 7 7 7
0 3 132 3 6 -7 -7 -7 7 7 -7
0 3 133 3 6 -7 7 7 -7 7 7
0 3 134 3 6 7 7 -7 7 7 -7
0 3 135 3 6 -7 -7 7 -7 7 -7
0 3 136 3 6 7 7 -7 7 7 -7
0 3 137 3 6 7 -7 -7 -7 -7 7
0 3 138 3 6 -7 -7 -7 -7 -7 -7
0 3 139 3 6 -7 -7 -7 -7 -7 -7
0 3 140 3 6 -7 -7 7 7 -7 7
0 3 141 3 6 -7 -7 7 7 7 7
0 3 142 3 6 7 7 -7 -7 -7 -7
0 3 143 3 6 -7 7 -7 7 7 -7
0 3 144 3 6 7 -7 7 -7 7 7
0 3 145 3 6 -7 7 -7 -7 -7 7
0 3 146 3 6 7 -7 -7 -7 -7 7
0 3 147 3 6 -7 -7 7 -7 7 7
0 3 148 3 6 7 7 7 7 7 -7
0 3 149 3 6 7 7 -7 -7 -7 7
0 3 150 3 6 -7 7 -7 7 -7 7
0 3 151 3 6 -7 7 7 7 -7 7
0 3 152 3 6 7 7 7 7 7 7
0 3 153 3 6 -7 -7 -7 7 7 -7
0 3 154 3 6 7 7 7 7 7 7
0 3 155 3 6 -7 -7 -7 7 7 -7
0 3 156 3 6 7 -7 7 -7 -7 7
0 3 157 3 6 -7 7 -7 -7 7 -7
0 3 158 3 6 7 -7 7 7 -7 7
0 3 159 3 6 7 -7 7 7 7 -7
0 3 160 3 6 -7 -7 7 -7 -7 -7
0 3 161 3 6 7 7 -7 -7 -7 7
0 3 162 3 6 7 7 7 7 7 7
0 3 163 3 6 -7 -7 -7 7 -7 7
0 3 164 3 6 7 7 -7 -7 -7 -7
0 3 165 3 6 7 -7 7 -7 7 7
0 3 166 3 6 7 -7 7 7 7 7
0 3 167 3 6 -7 -7 -7 7 -7 -7
0 3 168 3 6 -7 7 -7 -7 7 -7
0 3 169 3 6 7 7 7 7 7 7
0 3 170 3 6 -7 -7 7 -7 -7 7
0 3 171 3 6 -7 7 -7 7 -7 -7
0 3 172 3 6 -7 -7 -7 7 7 -7
0 3 173 3 6 7 -7 7 7 7 7
0 3 174 3 6 -7 -7 7 7 7 7
0 3 175 3 6 -7 -7 7 -7 -7 7
0 3 176 3 6 7 7 -7 7 -7 7
0 3 177 3 6 7 7 7 -7 -7 -7
0 3 178 3 6 -7 -7 7 7 -7 7
0 3 179 3 6 -7 -7 7 -7 -7 7
0 3 180 3 6 -7 -7 -7 -7 7 -7
0 3 181 3 6 7 7 -7 -7 7 7
0 3 182 3 6 -7 7 7 7 -7 -7
0 3 183 3 6 7 7 -7 -7 7 7
0 3 184 3 6 7 -7 -7 7 7 -7
0 3 185 3 6 7 -7 7 7 -7 -7
0 3 186 3 6 -7 -7 7 -7 -7 -7
0 3 187 3 6 -7 -7 7 -7 7 7
0 3 188 3 6 7 7 7 7 7 7
0 3 189 3 6 -7 -7 7 7 7 7
0 3 190 3 6 7 -7 7 -7 -7 -7
0 3 191 3 6 -7 7 7 -7 -7 7
0 3 192 3 6 -7 -7 7 7 7 -7
0 3 193 3 6 -7 7 -7 -7 7 -7
0 3 194 3 6 7 7 7 -7 7 7
0 3 195 3 6 7 -7 7 -7 -7 -7
0 3 196 3 6 -7 7 -7 -7 7 7
0 3 197 3 6 -7 7 7 -7 7 -7
0 3 198 3 6 7 7 -7 7 7 7
0 3 199 3 6 -7 -7 7 -7 -7 7
0 3 200 3 6 7 7 7 -7 7 -7
0 3 201 3 6 7 -7 -7 -7 -7 -7
0 3 202 3 6 -7 -7 7 -7 7 -7
0 3 203 3 6 7 7 7 -7 7 -7
0 3 204 3 6 -7 7 7 7 7 7
0 3 205 3 6 -7 -7 -7 -7 7 7
0 3 206 3 6 7 7 -7 7 -7 7
0 3 207 3 6 -7 -7 -7 7 -7 -7
0 3 208 3 6 7 7 -7 7 7 -7
0 3 209 3 6 -7 -7 -7 7 7 -7
0 3 210 3 6 -7 -7 7 -7 -7 7
0 3 211 3 6 7 7 -7 7 7 -7
0 3 212 3 6 7 -7 7 -7 7 7
0 3 213 3 6 -7 -7 -7 7 7 -7
0 3 214 3 6 7 7 -7 -7 -7 -7
0 3 215 3 6 7 7 7 7 7 -7
0 4 0 3 6 -7 -7 7 -7 7 7
0 4 1 3 6 -7 7 -7 7 7 -7
0 4 2 3 6 7 -7 7 7 7 7
0 4 3 3 6 -7 -7 7 7 7 7
0 4 4 3 6 -7 7 -7 7 -7 -7
0 4 5 3 6 7 7 -7 7 -7 7
0 4 6 3 6 -7 -7 7 -7 7 7
0 4 7 3 6 7 7 7 -7 -7 -7
0 4 8 3 6 7 -7 -7 7 7 -7
0 4 9 3 6 7 7 -7 7 -7 -7
0 4 10 3 6 -7 -7 -7 7 7 -7
0 4 11 3 6 -7 7 7 -7 -7 -7
0 4 12 3 6 7 7 7 -7 -7 7
0 4 13 3 6 7 7 -7 7 -7 7
0 4 14 3 6 -7 -7 -7 -7 -7 -7
0 4 15 3 6 -7 -7 -7 -7 7 7
0 4 16 3 6 -7 7 7 7 -7 -7
0 4 17 3 6 -7 -7 -7 -7 7 7
0 4 18 3 6 -7 -7 7 -7 -7 7
0 4 19 3 6 7 7 7 -7 7 7
0 4 20 3 6 7 -7 -7 7 7 7
0 4 21 3 6 7 -7 -7 7 7 -7
0 4 22 3 6 -7 -7 7 7 7 7
0 4 23 3 6 7 -7 -7 7 7 7
0 4 24 3 6 -7 -7 -7 7 -7 7
0 4 25 3 6 -7 7 7 7 7 7
0 4 26 3 6 7 -7 7 -7 7 -7
0 4 27 3 6 7 -7 -7 7 7 7
0 4 28 3 6 7 -7 7 7 -7 7
0 4 29 3 6 -7 7 7 7 -7 7
0 4 30 3 6 -7 7 7 -7 -7 7
0 4 31 3 6 7 7 -7 7 7 -7
0 4 32 3 6 7 7 -7 7 -7 7
0 4 33 3 6 -7 -7 -7 -7 -7 7
0 4 34 3 6 7 7 -7 -7 7 -7
0 4 35 3 6 7 -7 7 7 -7 -7
0 4 36 3 6 -7 7 7 -7 7 7
0 4 37 3 6 7 -7 -7 7 -7 7
0 4 38 3 6 -7 7 7 -7 -7 7
0 4 39 3 6 -7 7 7 7 7 -7
0 4 40 3 6 -7 -7 7 -7 7 -7
0 4 41 3 6 7 7 -7 -7 -7 7
0 4 42 3 6 7 -7 -7 7 -7 7
0 4 43 3 6 -7 7 7 7 -7 7
0 4 44 3 6 7 -7 7 -7 -7 -7
0 4 45 3 6 7 7 -7 7 -7 -7
0 4 46 3 6 7 -7 7 -7 -7 7
0 4 47 3 6 -7 7 7 -7 -7 -7
0 4 48 3 6 -7 7 7 -7 -7 -7
0 4 49 3 6 7 -7 7 -7 7 -7
0 4 50 3 6 -7 7 7 -7 -7 7
0 4 51 3 6 -7 7 7 -7 -7 7
0 4 52 3 6 -7 -7 7 7 -7 -7
0 4 53 3 6 -7 7 -7 7 7 -7
0 4 54 3 6 7 -7 -7 7 7 -7
0 4 55 3 6 -7 7 7 -7 -7 7
0 4 56 3 6 7 7 -7 7 7 -7
0 4 57 3 6 7 7 7 7 -7 7
0 4 58 3 6 -7 -7 7 7 7 -7
0 4 59 3 6 -7 7 -7 -7 -7 -7
0 4 60 3 6 7 7 -7 -7 -7 7
0 4 61 3 6 -7 7 -7 -7 7 -7
0 4 62 3 6 7 7 -7 -7 -7 -7
0 4 63 3 6 -7 -7 7 -7 7 7
0 4 64 3 6 7 -7 -7 7 -7 -7
0 4 65 3 6 -7 7 7 7 -7 -7
0 4 66 3 6 -7 7 -7 -7 7 -7
0 4 67 3 6 -7 7 -7 7 -7 -7
0 4 68 3 6 7 7 7 -7 7 -7
0 4 69 3 6 -7 -7 -7 7 7 7
0 4 70 3 6 -7 -7 -7 7 7 7
0 4 71 3 6 7 -7 7 7 -7 -7
0 4 72 3 6 7 7 7 -7 7 -7
0 4 73 3 6 7 7 -7 -7 7 -7
0 4 74 3 6 -7 7 7 -7 -7 -7
0 4 75 3 6 -7 7 -7 -7 7 -7
0 4 76 3 6 -7 7 -7 7 7 7
0 4 77 3 6 7 7 7 -7 -7 -7
0 4 78 3 6 7 -7 -7 -7 -7 -7
0 4 79 3 6 7 -7 -7 7 -7 -7
0 4 80 3 6 7 -7 7 -7 -7 -7
0 4 81 3 6 -7 -7 7 -7 -7 -7
0 4 82 3 6 -7 7 -7 -7 7 -7
0 4 83 3 6 7 7 -7 7 7 -7
0 4 84 3 6 -7 7 -7 7 7 -7
0 4 85 3 6 -7 -7 7 7 7 7
0 4 86 3 6 7 -7 7 7 7 7
0 4 87 3 6 7 -7 -7 -7 -7 7
0 4 88 3 6 7 7 7 -7 -7 -7
0 4 89 3 6 -7 -7 7 -7 7 -7
0 4 90 3 6 -7 -7 -7 7 -7 7
0 4 91 3 6 -7 -7 7 7 7 -7
0 4 92 3 6 7 7 7 -7 7 7
0 4 93 3 6 -7 7 7 -7 -7 7
0 4 94 3 6 7 -7 7 7 7 7
0 4 95 3 6 -7 7 -7 7 -7 7
0 4 96 3 6 7 7 -7 7 7 -7
0 4 97 3 6 -7 -7 7 -7 -7 -7
0 4 98 3 6 7 7 7 7 7 -7
0 4 99 3 6 7 7 7 -7 -7 7
0 4 100 3 6 7 -7 -7 -7 7 -7
0 4 101 3 6 -7 7 -7 7 -7 -7
0 4 102 3 6 -7 -7 -7 7 -7 -7
0 4 103 3 6 -7 -7 -7 7 7 -7
0 4 104 3 6 -7 -7 -7 -7 7 7
0 4 105 3 6 7 -7 -7 -7 7 -7
0 4 106 3 6 -7 -7 7 7 -7 7
0 4 107 3 6 -7 -7 -7 -7 -7 7
0 4 108 3 6 7 7 -7 7 7 7
0 4 109 3 6 7 7 7 -7 -7 -7
0 4 110 3 6 -7 -7 7 7 -7 7
0 4 111 3 6 -7 -7 -7 -7 7 -7
0 4 112 3 6 -7 -7 7 -7 7 -7
0 4 113 3 6 7 7 7 -7 -7 7
0 4 114 3 6 7 -7 -7 -7 -7 -7
0 4 115 3 6 -7 -7 -7 -7 -7 7
0 4 116 3 6 -7 -7 7 7 7 -7
0 4 117 3 6 7 7 7 -7 7 -7
0 4 118 3 6 7 -7 -7 -7 7 7
0 4 119 3 6 7 -7 7 -7 7 -7
0 4 120 3 6 -7 7 7 -7 -7 7
0 4 121 3 6 7 -7 7 -7 7 7
0 4 122 3 6 -7 7 7 -7 -7 7
0 4 123 3 6 -7 -7 -7 -7 7 7
0 4 124 3 6 -7 7 -7 7 -7 -7
0 4 125 3 6 -7 7 7 7 7 -7
0 4 126 3 6 -7 -7 7 -7 7 7
0 4 127 3 6 7 -7 -7 -7 7 7
0 4 128 3 6 7 -7 -7 7 -7 7
0 4 129 3 6 -7 -7 -7 -7 -7 -7
0 4 130 3 6 -7 -7 7 -7 -7 7
0 4 131 3 6 -7 7 7 7 -7 -7
0 4 132 3 6 -7 7 7 -7 -7 -7
0 4 133 3 6 -7 -7 -7 7 -7 -7
0 4 134 3 6 -7 7 7 7 7 -7
0 4 135 3 6 7 -7 7 -7 -7 -7
0 4 136 3 6 7 7 7 7 7 -7
0 4 137 3 6 7 -7 -7 7 7 -7
0 4 138 3 6 7 -7 -7 -7 7 7
0 4 139 3 6 -7 -7 -7 -7 7 -7
0 4 140 3 6 -7 -7 7 7 -7 -7
0 4 141 3 6 -7 -7 7 7 -7 -7
0 4 142 3 6 7 -7 -7 -7 7 7
0 4 143 3 6 7 7 -7 7 -7 -7
0 4 144 3 6 -7 -7 7 -7 7 7
0 4 145 3 6 7 7 -7 -7 7 -7
0 4 146 3 6 -7 7 -7 7 7 -7
0 4 147 3 6 -7 7 7 7 -7 -7
0 4 148 3 6 -7 -7 7 7 -7 -7
0 4 149 3 6 -7 7 -7 -7 -7 -7
0 4 150 3 6 7 -7 7 -7 -7 7
0 4 151 3 6 -7 7 7 -7 -7 7
0 4 152 3 6 7 7 7 7 -7 7
0 4 153 3 6 -7 7 -7 7 -7 -7
0 4 154 3 6 -7 7 7 7 7 -7
0 4 155 3 6 7 -7 7 -7 7 7
0 4 156 3 6 -7 7 -7 7 -7 7
0 4 157 3 6 7 7 -7 -7 -7 -7
0 4 158 3 6 -7 7 7 -7 -7 -7
0 4 159 3 6 7 -7 7 7 7 7
0 4 160 3 6 -7 7 -7 7 -7 -7
0 4 161 3 6 -7 -7 -7 -7 -7 -7
0 4 162 3 6 -7 -7 7 7 -7 -7
0 4 163 3 6 7 7 -7 7 -7 -7
0 4 164 3 6 7 -7 -7 7 7 -7
0 4 165 3 6 -7 7 -7 -7 7 -7
0 4 166 3 6 7 7 -7 7 7 -7
0 4 167 3 6 -7 7 7 7 7 7
0 4 168 3 6 -7 7 -7 -7 7 -7
0 4 169 3 6 7 7 7 7 -7 7
0 4 170 3 6 -7 7 7 -7 7 7
0 4 171 3 6 -7 -7 7 -7 -7 -7
0 4 172 3 6 7 7 -7 7 -7 7
0 4 173 3 6 7 -7 7 -7 -7 -7
0 4 174 3 6 7 7 7 7 -7 -7
0 4 175 3 6 -7 -7 7 7 -7 -7
0 4 176 3 6 -7 7 7 7 7 -7
0 4 177 3 6 7 -7 -7 -7 -7 7
0 4 178 3 6 7 -7 7 7 -7 7
0 4 179 3 6 -7 -7 -7 7 7 7
0 4 180 3 6 -7 -7 7 7 7 -7
0 4 181 3 6 -7 7 -7 7 7 7
0 4 182 3 6 -7 7 -7 -7 -7 -7
0 4 183 3 6 7 -7 7 7 7 -7
0 4 184 3 6 -7 7 -7 7 -7 7
0 4 185 3 6 7 -7 -7 7 7 7
0 4 186 3 6 -7 7 7 -7 -7 7
0 4 187 3 6 -7 7 7 7 -7 7
0 4 188 3 6 -7 7 -7 7 -7 -7
0 4 189 3 6 7 7 -7 -7 7 -7
0 4 190 3 6 -7 -7 7 7 7 7
0 4 191 3 6 7 -7 7 -7 -7 7
0 4 192 3 6 -7 7 7 7 -7 -7
0 4 193 3 6 -7 -7 7 7 -7 -7
0 4 194 3 6 -7 -7 7 7 7 7
0 4 195 3 6 7 -7 -7 -7 -7 7
0 4 196 3 6 7 7 -7 -7 7 -7
0 4 197 3 6 -7 7 7 7 7 7
0 4 198 3 6 -7 7 7 -7 -7 -7
0 4 199 3 6 7 7 7 7 7 -7
0 4 200 3 6 7 7 7 -7 7 -7
0 4 201 3 6 7 7 -7 7 -7 7
0 4 202 3 6 7 -7 7 -7 -7 7
0 4 203 3 6 7 -7 7 -7 7 -7
0 4 204 3 6 -7 7 -7 7 7 -7
0 4 205 3 6 7 7 7 -7 -7 -7
0 4 206 3 6 -7 7 7 7 7 7
0 4 207 3 6 -7 7 7 -7 -7 7
0 4 208 3 6 -7 -7 -7 -7 7 7
0 4 209 3 6 -7 7 7 7 7 -7
0 4 210 3 6 7 -7 7 7 7 7
0 4 211 3 6 -7 7 7 7 7 -7
0 4 212 3 6 -7 -7 -7 7 -7 -7
0 4 213 3 6 -7 7 7 7 -7 -7
0 4 214 3 6 -7 -7 7 -7 -7 -7
0 4 215 3 6 -7 -7 7 -7 -7 -7
0 5 0 3 6 7 7 7 -7 7 7
0 5 1 3 6 -7 7 7 7 -7 -7
0 5 2 3 6 7 7 -7 -7 -7 -7
0 5 3 3 6 -7 -7 7 7 7 7
0 5 4 3 6 -7 -7 -7 -7 7 7
0 5 5 3 6 -7 -7 7 7 7 7
0 5 6 3 6 -7 7 -7 -7 7 -7
0 5 7 3 6 -7 -7 7 7 -7 7
0 5 8 3 6 -7 -7 7 7 7 7
0 5 9 3 6 -7 -7 7 -7 -7 -7
0 5 10 3 6 -7 -7 7 -7 -7 7
0 5 11 3 6 -7 7 -7 -7 7 7
0 5 12 3 6 -7 7 -7 7 -7 7
0 5 13 3 6 -7 -7 7 7 7 7
0 5 14 3 6 7 -7 7 -7 -7 -7
0 5 15 3 6 7 -7 7 7 -7 -7
0 5 16 3 6 -7 -7 7 7 -7 -7
0 5 17 3 6 7 -7 -7 -7 7 -7
0 5 18 3 6 -7 7 7 7 -7 -7
0 5 19 3 6 -7 7 7 -7 7 -7
0 5 20 3 6 7 7 7 7 -7 7
0 5 21 3 6 7 7 7 7 7 7
0 5 22 3 6 -7 7 7 -7 7 -7
0 5 23 3 6 -7 7 -7 -7 -7 7
0 5 24 3 6 -7 7 7 -7 7 -7
0 5 25 3 6 7 7 7 7 7 -7
0 5 26 3 6 -7 -7 7 -7 7 -7
0 5 27 3 6 7 7 -7 -7 7 -7
0 5 28 3 6 -7 7 -7 -7 -7 -7
0 5 29 3 6 7 -7 7 7 7 -7
0 5 30 3 6 7 7 -7 -7 7 7
0 5 31 3 6 7 -7 7 -7 7 7
0 5 32 3 6 -7 7 7 -7 7 7
0 5 33 3 6 7 7 7 -7 -7 -7
0 5 34 3 6 -7 7 -7 -7 -7 -7
0 5 35 3 6 7 -7 7 -7 7 -7
0 5 36 3 6 7 7 -7 7 7 7
0 5 37 3 6 -7 -7 7 -7 7 7
0 5 38 3 6 -7 -7 -7 -7 7 7
0 5 39 3 6 7 7 -7 -7 7 7
0 5 40 3 6 7 7 -7 -7 7 -7
0 5 41 3 6 -7 7 7 7 7 -7
0 5 42 3 6 -7 7 7 7 -7 7
0 5 43 3 6 7 -7 -7 7 -7 7
0 5 44 3 6 -7 7 -7 -7 -7 -7
0 5 45 3 6 -7 -7 7 -7 7 -7
0 5 46 3 6 7 7 -7 -7 7 -7
0 5 47 3 6 -7 -7 -7 -7 7 -7
0 5 48 3 6 -7 7 7 -7 -7 7
0 5 49 3 6 7 7 7 7 -7 7
0 5 50 3 6 -7 -7 -7 -7 -7 7
0 5 51 3 6 -7 -7 7 -7 7 -7
0 5 52 3 6 7 -7 7 -7 -7 7
0 5 53 3 6 -7 7 7 -7 7 -7
0 5 54 3 6 7 7 7 7 -7 7
0 5 55 3 6 7 7 7 -7 7 7
0 5 56 3 6 -7 -7 7 -7 7 7
0 5 57 3 6 -7 7 7 7 -7 -7
0 5 58 3 6 -7 -7 -7 7 7 7
0 5 59 3 6 7 7 -7 -7 7 7
0 5 60 3 6 7 -7 7 -7 7 7
0 5 61 3 6 7 7 -7 7 -7 7
0 5 62 3 6 -7 7 -7 -7 -7 -7
0 5 63 3 6 7 -7 -7 -7 -7 -7
0 5 64 3 6 -7 7 -7 7 7 -7
0 5 65 3 6 -7 -7 -7 7 -7 7
0 5 66 3 6 -7 7 -7 -7 -7 -7
0 5 67 3 6 -7 -7 -7 7 -7 7
0 5 68 3 6 -7 -7 7 -7 7 7
0 5 69 3 6 7 7 7 -7 -7 -7
0 5 70 3 6 -7 7 7 -7 -7 7
0 5 71 3 6 7 7 7 7 -7 -7
0 5 72 3 6 -7 7 -7 7 -7 -7
0 5 73 3 6 -7 7 7 -7 -7 7
0 5 74 3 6 -7 7 7 -7 7 7
0 5 75 3 6 7 7 -7 -7 7 -7
0 5 76 3 6 7 -7 -7 -7 -7 -7
0 5 77 3 6 -7 7 -7 -7 -7 -7
0 5 78 3 6 -7 -7 7 -7 -7 7
0 5 79 3 6 -7 7 7 7 -7 -7
0 5 80 3 6 -7 -7 7 -7 7 7
0 5 81 3 6 -7 7 7 -7 -7 7
0 5 82 3 6 7 -7 -7 7 7 -7
0 5 83 3 6 -7 -7 -7 -7 -7 -7
0 5 84 3 6 -7 7 -7 7 -7 -7
0 5 85 3 6 7 -7 -7 7 7 7
0 5 86 3 6 7 -7 7 7 7 -7
0 5 87 3 6 -7 -7 7 7 7 7
0 5 88 3 6 -7 7 7 7 7 7
0 5 89 3 6 7 7 7 -7 7 7
0 5 90 3 6 7 7 -7 7 -7 -7
0 5 91 3 6 7 -7 7 -7 -7 -7
0 5 92 3 6 7 -7 -7 -7 7 -7
0 5 93 3 6 7 7 7 -7 -7 7
0 5 94 3 6 -7 7 -7 7 7 7
0 5 95 3 6 -7 -7 -7 7 7 7
0 5 96 3 6 7 7 -7 7 7 -7
0 5 97 3 6 -7 7 -7 7 7 -7
0 5 98 3 6 7 7 7 -7 -7 7
0 5 99 3 6 -7 7 -7 -7 7 -7
0 5 100 3 6 -7 -7 7 7 7 7
0 5 101 3 6 -7 7 7 -7 7 7
0 5 102 3 6 -7 -7 7 -7 -7 7
0 5 103 3 6 7 7 -7 7 7 7
0 5 104 3 6 -7 -7 -7 7 7 7
0 5 105 3 6 -7 7 -7 -7 7 7
0 5 106 3 6 -7 -7 -7 -7 7 7
0 5 107 3 6 7 7 -7 7 7 -7
0 5 108 3 6 -7 7 7 -7 -7 7
0 5 109 3 6 -7 7 7 -7 7 -7
0 5 110 3 6 -7 -7 7 -7 7 7
0 5 111 3 6 -7 -7 -7 -7 -7 -7
0 5 112 3 6 7 7 7 -7 7 -7
0 5 113 3 6 7 7 -7 7 7 7
0 5 114 3 6 -7 7 7 7 7 -7
0 5 115 3 6 7 -7 7 7 -7 -7
0 5 116 3 6 7 -7 -7 -7 -7 7
0 5 117 3 6 -7 -7 -7 7 -7 -7
0 5 118 3 6 7 7 7 -7 7 7
0 5 119 3 6 7 -7 7 -7 7 -7
0 5 120 3 6 7 -7 -7 7 -7 -7
0 5 121 3 6 -7 7 -7 7 -7 -7
0 5 122 3 6 -7 -7 -7 7 7 7
0 5 123 3 6 7 7 -7 7 -7 7
0 5 124 3 6 7 7 -7 7 -7 7
0 5 125 3 6 -7 7 -7 7 -7 7
0 5 126 3 6 7 7 -7 7 -7 -7
0 5 127 3 6 -7 -7 -7 7 7 7
0 5 128 3 6 -7 7 -7 -7 -7 7
0 5 129 3 6 -7 -7 -7 7 7 -7
0 5 130 3 6 7 7 -7 7 7 -7
0 5 131 3 6 -7 7 7 -7 7 7
0 5 132 3 6 7 7 -7 7 -7 7
0 5 133 3 6 7 7 -7 7 -7 -7
0 5 134 3 6 7 7 7 7 7 -7
0 5 135 3 6 -7 -7 7 -7 7 7
0 5 136 3 6 -7 -7 -7 7 7 7
0 5 137 3 6 7 -7 7 -7 7 -7
0 5 138 3 6 7 7 7 7 -7 -7
0 5 139 3 6 7 -7 -7 -7 7 -7
0 5 140 3 6 -7 7 7 -7 7 7
0 5 141 3 6 -7 -7 7 -7 -7 -7
0 5 142 3 6 -7 7 7 7 7 7
0 5 143 3 6 -7 7 -7 7 7 7
0 5 144 3 6 -7 7 7 7 -7 -7
0 5 145 3 6 -7 7 7 -7 7 7
0 5 146 3 6 -7 7 -7 -7 -7 -7
0 5 147 3 6 -7 7 7 -7 -7 7
0 5 148 3 6 7 -7 7 -7 7 7
0 5 149 3 6 7 7 7 7 7 7
0 5 150 3 6 7 7 7 -7 -7 -7
0 5 151 3 6 -7 7 -7 7 -7 7
0 5 152 3 6 -7 -7 7 -7 -7 -7
0 5 153 3 6 -7 -7 -7 7 -7 7
0 5 154 3 6 7 7 -7 -7 -7 -7
0 5 155 3 6 7 7 -7 -7 7 -7
0 5 156 3 6 7 7 -7 -7 7 7
0 5 157 3 6 7 7 7 7 7 -7
0 5 158 3 6 7 -7 -7 -7 7 -7
0 5 159 3 6 7 -7 7 -7 -7 7
0 5 160 3 6 7 -7 -7 -7 -7 -7
0 5 161 3 6 -7 7 7 -7 -7 7
0 5 162 3 6 -7 7 -7 -7 -7 7
0 5 163 3 6 7 7 7 -7 -7 -7
0 5 164 3 6 -7 -7 -7 7 -7 7
0 5 165 3 6 7 -7 -7 -7 7 -7
0 5 166 3 6 -7 -7 -7 -7 7 -7
0 5 167 3 6 7 7 7 7 7 7
0 5 168 3 6 7 -7 -7 7 7 7
0 5 169 3 6 -7 7 -7 -7 7 7
0 5 170 3 6 7 -7 7 -7 7 7
0 5 171 3 6 7 -7 -7 7 7 -7
0 5 172 3 6 7 7 -7 7 7 -7
0 5 173 3 6 7 -7 7 -7 7 7
0 5 174 3 6 7 -7 7 7 -7 -7
0 5 175 3 6 7 -7 -7 7 -7 7
0 5 176 3 6 7 -7 -7 7 -7 7
0 5 177 3 6 7 7 7 -7 7 -7
0 5 178 3 6 7 7 7 -7 7 -7
0 5 179 3 6 -7 -7 -7 7 7 -7
0 5 180 3 6 7 7 7 -7 -7 7
0 5 181 3 6 7 7 -7 -7 7 7
0 5 182 3 6 -7 7 -7 7 7 7
0 5 183 3 6 -7 7 7 7 7 -7
0 5 184 3 6 -7 7 -7 7 -7 -7
0 5 185 3 6 7 7 -7 7 7 7
0 5 186 3 6 -7 -7 -7 -7 -7 -7
0 5 187 3 6 -7 -7 7 -7 -7 7
0 5 188 3 6 7 7 7 -7 7 -7
0 5 189 3 6 7 -7 -7 7 -7 7
0 5 190 3 6 -7 7 -7 7 7 -7
0 5 191 3 6 7 -7 7 -7 7 -7
0 5 192 3 6 7 7 7 -7 -7 -7
0 5 193 3 6 7 7 -7 -7 7 7
0 5 194 3 6 7 -7 -7 7 7 -7
0 5 195 3 6 -7 7 -7 7 7 -7
0 5 196 3 6 7 7 -7 7 -7 -7
0 5 197 3 6 -7 -7 7 -7 7 7
0 5 198 3 6 7 -7 7 -7 7 7
0 5 199 3 6 7 7 7 -7 -7 7
0 5 200 3 6 -7 -7 -7 -7 7 7
0 5 201 3 6 7 -7 -7 7 -7 -7
0 5 202 3 6 -7 -7 -7 7 -7 7
0 5 203 3 6 -7 -7 7 7 7 -7
0 5 204 3 6 -7 7 -7 7 -7 7
0 5 205 3 6 -7 7 7 -7 -7 7
0 5 206 3 6 -7 -7 -7 -7 -7 -7
0 5 207 3 6 -7 7 -7 7 7 7
0 5 208 3 6 -7 -7 -7 -7 7 7
0 5 209 3 6 7 7 7 -7 7 7
0 5 210 3 6 7 7 -7 7 -7 7
0 5 211 3 6 -7 7 7 -7 -7 7
0 5 212 3 6 7 -7 -7 -7 7 -7
0 5 213 3 6 -7 7 -7 -7 -7 -7
0 5 214 3 6 7 7 -7 -7 -7 7
0 5 215 3 6 7 7 -7 7 -7 -7
0 6 0 3 6 -7 7 -7 7 7 7
0 6 1 3 6 -7 7 7 -7 -7 7
0 6 2 3 6 7 7 7 7 -7 7
0 6 3 3 6 7 -7 -7 7 7 -7
0 6 4 3 6 -7 7 -7 -7 -7 7
0 6 5 3 6 -7 -7 7 7 -7 -7
0 6 6 3 6 7 7 7 7 7 7
0 6 7 3 6 -7 7 -7 7 7 -7
0 6 8 3 6 7 -7 -7 -7 -7 7
0 6 9 3 6 -7 7 7 7 7 -7
0 6 10 3 6 -7 7 -7 7 7 7
0 6 11 3 6 7 7 7 7 -7 7
0 6 12 3 6 -7 -7 7 7 7 7
0 6 13 3 6 -7 -7 7 -7 -7 7
0 6 14 3 6 -7 -7 -7 -7 7 -7
0 6 15 3 6 7 -7 7 -7 -7 -7
0 6 16 3 6 7 7 7 -7 7 -7
0 6 17 3 6 7 7 -7 7 -7 7
0 6 18 3 6 -7 7 7 -7 -7 -7
0 6 19 3 6 -7 -7 -7 -7 -7 7
0 6 20 3 6 7 7 7 -7 7 -7
0 6 21 3 6 -7 -7 7 -7 7 -7
0 6 22 3 6 7 -7 -7 -7 -7 -7
0 6 23 3 6 7 7 -7 -7 7 -7
0 6 24 3 6 -7 -7 7 -7 7 -7
0 6 25 3 6 -7 7 -7 -7 7 -7
0 6 26 3 6 -7 7 7 -7 -7 7
0 6 27 3 6 -7 7 -7 7 7 -7
0 6 28 3 6 7 -7 7 -7 -7 7
0 6 29 3 6 -7 7 7 -7 7 -7
0 6 30 3 6 7 -7 -7 -7 7 -7
0 6 31 3 6 7 7 7 7 7 7
0 6 32 3 6 -7 -7 -7 7 7 7
0 6 33 3 6 7 7 7 -7 7 7
0 6 34 3 6 -7 7 -7 7 -7 7
0 6 35 3 6 -7 7 -7 7 7 -7
0 6 36 3 6 -7 7 7 7 7 -7
0 6 37 3 6 -7 7 -7 -7 -7 -7
0 6 38 3 6 -7 -7 7 7 7 -7
0 6 39 3 6 7 7 -7 -7 -7 -7
0 6 40 3 6 -7 7 7 7 -7 -7
0 6 41 3 6 -7 -7 7 7 7 -7
0 6 42 3 6 7 -7 -7 7 -7 7
0 6 43 3 6 -7 -7 7 -7 -7 -7
0 6 44 3 6 7 -7 7 7 -7 7
0 6 45 3 6 7 -7 7 7 7 -7
0 6 46 3 6 -7 -7 7 -7 7 7
0 6 47 3 6 7 -7 -7 7 7 7
0 6 48 3 6 7 7 7 7 -7 -7
0 6 49 3 6 -7 -7 7 7 7 -7
0 6 50 3 6 -7 -7 7 7 7 -7
0 6 51 3 6 -7 7 -7 -7 7 -7
0 6 52 3 6 7 -7 -7 7 -7 -7
0 6 53 3 6 7 -7 -7 7 7 7
0 6 54 3 6 7 7 7 -7 -7 7
0 6 55 3 6 7 -7 -7 7 -7 7
0 6 56 3 6 -7 7 -7 7 7 -7
0 6 57 3 6 -7 -7 7 -7 7 7
0 6 58 3 6 -7 7 -7 -7 -7 -7
0 6 59 3 6 -7 7 -7 7 -7 -7
0 6 60 3 6 7 -7 7 7 -7 -7
0 6 61 3 6 -7 -7 -7 -7 7 7
0 6 62 3 6 -7 -7 -7 7 -7 7
0 6 63 3 6 7 7 7 7 -7 7
0 6 64 3 6 7 7 7 -7 -7 7
0 6 65 3 6 -7 -7 -7 7 7 -7
0 6 66 3 6 7 7 7 7 -7 -7
0 6 67 3 6 7 -7 7 -7 -7 7
0 6 68 3 6 -7 -7 -7 7 7 7
0 6 69 3 6 -7 7 -7 7 -7 7
0 6 70 3 6 7 -7 7 7 -7 -7
0 6 71 3 6 7 -7 -7 -7 7 7
0 6 72 3 6 7 -7 7 -7 -7 7
0 6 73 3 6 7 -7 -7 -7 7 -7
0 6 74 3 6 7 7 7 -7 7 7
0 6 75 3 6 7 -7 -7 -7 7 7
0 6 76 3 6 7 7 7 7 7 -7
0 6 77 3 6 -7 -7 7 7 7 -7
0 6 78 3 6 7 -7 -7 7 -7 7
0 6 79 3 6 7 7 7 -7 7 7
0 6 80 3 6 -7 -7 7 7 -7 7
0 6 81 3 6 7 -7 7 -7 -7 -7
0 6 82 3 6 -7 -7 -7 -7 -7 -7
0 6 83 3 6 -7 7 -7 -7 7 7
0 6 84 3 6 -7 7 7 -7 7 7
0 6 85 3 6 7 -7 -7 -7 7 7
0 6 86 3 6 -7 -7 -7 7 7 7
0 6 87 3 6 7 -7 7 -7 7 7
0 6 88 3 6 -7 7 -7 7 7 -7
0 6 89 3 6 7 -7 7 -7 -7 -7
0 6 90 3 6 7 7 7 -7 -7 7
0 6 91 3 6 7 -7 -7 7 -7 7
0 6 92 3 6 7 7 -7 7 -7 7
0 6 93 3 6 7 7 -7 -7 -7 -7
0 6 94 3 6 7 -7 -7 7 7 -7
0 6 95 3 6 -7 -7 -7 -7 7 7
0 6 96 3 6 7 -7 7 -7 -7 -7
0 6 97 3 6 -7 7 7 7 -7 -7
0 6 98 3 6 7 -7 -7 -7 7 7
0 6 99 3 6 -7 -7 -7 -7 7 -7
0 6 100 3 6 7 -7 7 7 -7 -7
0 6 101 3 6 -7 7 -7 -7 -7 -7
0 6 102 3 6 7 -7 7 -7 -7 -7
0 6 103 3 6 7 -7 7 -7 -7 7
0 6 104 3 6 -7 7 -7 7 7 -7
0 6 105 3 6 7 -7 7 7 7 -7
0 6 106 3 6 7 -7 -7 7 7 7
0 6 107 3 6 -7 7 -7 7 -7 7
0 6 108 3 6 7 -7 -7 7 7 -7
0 6 109 3 6 7 -7 -7 7 7 7
0 6 110 3 6 -7 -7 -7 7 7 7
0 6 111 3 6 -7 7 -7 7 -7 7
0 6 112 3 6 7 -7 -7 -7 7 7
0 6 113 3 6 -7 7 7 7 -7 7
0 6 114 3 6 -7 7 -7 -7 7 -7
0 6 115 3 6 -7 7 -7 7 7 -7
0 6 116 3 6 -7 7 7 -7 -7 7
0 6 117 3 6 -7 -7 -7 -7 7 7
0 6 118 3 6 7 7 7 7 7 7
0 6 119 3 6 7 7 -7 7 -7 -7
0 6 120 3 6 7 7 7 7 -7 7
0 6 121 3 6 7 -7 -7 -7 -7 7
0 6 122 3 6 7 7 7 7 7 7
0 6 123 3 6 7 7 -7 -7 -7 7
0 6 124 3 6 7 7 -7 7 7 -7
0 6 125 3 6 -7 -7 -7 7 -7 7
0 6 126 3 6 -7 -7 7 -7 -7 7
0 6 127 3 6 7 -7 7 7 7 7
0 6 128 3 6 7 -7 -7 7 7 7
0 6 129 3 6 7 -7 7 7 7 -7
0 6 130 3 6 7 7 7 7 -7 7
0 6 131 3 6 -7 7 7 7 -7 -7
0 6 132 3 6 -7 7 -7 7 -7 7
0 6 133 3 6 -7 -7 7 7 -7 7
0 6 134 3 6 7 -7 7 -7 -7 -7
0 6 135 3 6 -7 -7 7 7 7 7
0 6 136 3 6 -7 7 7 7 -7 -7
0 6 137 3 6 7 7 -7 7 7 7
0 6 138 3 6 7 7 7 -7 7 -7
0 6 139 3 6 7 7 -7 -7 7 7
0 6 140 3 6 7 -7 -7 -7 7 -7
0 6 141 3 6 7 -7 -7 7 -7 -7
0 6 142 3 6 -7 7 7 7 -7 7
0 6 143 3 6 7 7 7 7 7 -7
0 6 144 3 6 -7 7 7 -7 7 -7
0 6 145 3 6 7 -7 7 7 7 7
0 6 146 3 6 7 -7 7 7 -7 7
0 6 147 3 6 7 7 -7 7 7 7
0 6 148 3 6 7 7 -7 7 7 -7
0 6 149 3 6 7 -7 -7 7 -7 -7
0 6 150 3 6 -7 -7 7 7 -7 -7
0 6 151 3 6 -7 7 -7 -7 7 7
0 6 152 3 6 7 -7 -7 -7 -7 7
0 6 153 3 6 -7 7 7 7 -7 -7
0 6 154 3 6 -7 -7 7 -7 -7 7
0 6 155 3 6 -7 7 -7 7 -7 -7
0 6 156 3 6 -7 -7 -7 -7 -7 -7
0 6 157 3 6 -7 -7 7 7 7 7
0 6 158 3 6 7 -7 -7 7 -7 7
0 6 159 3 6 7 7 -7 7 -7 -7
0 6 160 3 6 7 -7 -7 -7 7 -7
0 6 161 3 6 -7 7 7 7 7 -7
0 6 162 3 6 -7 7 -7 -7 7 -7
0 6 163 3 6 7 7 -7 7 -7 -7
0 6 164 3 6 7 7 7 7 7 7
0 6 165 3 6 7 -7 7 -7 7 -7
0 6 166 3 6 7 -7 -7 7 -7 7
0 6 167 3 6 7 -7 -7 7 -7 -7
0 6 168 3 6 -7 7 -7 -7 -7 7
0 6 169 3 6 -7 -7 -7 7 -7 -7
0 6 170 3 6 -7 7 7 -7 7 -7
0 6 171 3 6 -7 -7 -7 7 -7 -7
0 6 172 3 6 7 -7 -7 7 -7 7
0 6 173 3 6 7 7 7 7 -7 7
0 6 174 3 6 -7 7 7 7 -7 -7
0 6 175 3 6 7 7 -7 -7 7 7
0 6 176 3 6 -7 -7 -7 7 7 -7
0 6 177 3 6 -7 -7 -7 -7 -7 7
0 6 178 3 6 -7 7 -7 -7 7 7
0 6 179 3 6 7 7 7 -7 7 7
0 6 180 3 6 -7 7 -7 7 -7 -7
0 6 181 3 6 -7 7 7 7 -7 7
0 6 182 3 6 7 7 -7 -7 -7 7
0 6 183 3 6 7 7 7 7 -7 -7
0 6 184 3 6 7 7 7 7 7 7
0 6 185 3 6 7 7 -7 -7 -7 7
0 6 186 3 6 -7 -7 -7 7 7 -7
0 6 187 3 6 -7 -7 7 7 -7 7
0 6 188 3 6 -7 -7 -7 -7 -7 -7
0 6 189 3 6 -7 7 7 7 -7 7
0 6 190 3 6 -7 -7 7 -7 -7 7
0 6 191 3 6 -7 -7 7 7 -7 -7
0 6 192 3 6 7 -7 -7 -7 -7 7
0 6 193 3 6 7 -7 -7 7 -7 7
0 6 194 3 6 7 7 -7 7 -7 -7
0 6 195 3 6 -7 7 7 7 7 -7
0 6 196 3 6 -7 7 7 -7 7 7
0 6 197 3 6 -7 -7 7 7 -7 -7
0 6 198 3 6 7 7 7 -7 7 -7
0 6 199 3 6 7 -7 7 -7 7 7
0 6 200 3 6 7 -7 -7 7 -7 -7
0 6 201 3 6 -7 -7 7 -7 -7 7
0 6 202 3 6 -7 7 7 7 7 -7
0 6 203 3 6 -7 7 -7 -7 7 -7
0 6 204 3 6 -7 -7 7 7 7 7
0 6 205 3 6 -7 -7 7 -7 7 7
0 6 206 3 6 -7 -7 7 7 7 7
0 6 207 3 6 7 7 7 -7 -7 7
0 6 208 3 6 -7 7 -7 7 -7 -7
0 6 209 3 6 7 7 -7 -7 -7 7
0 6 210 3 6 -7 7 -7 -7 -7 7
0 6 211 3 6 7 7 -7 7 -7 7
0 6 212 3 6 -7 -7 7 7 7 -7
0 6 213 3 6 7 7 7 -7 -7 -7
0 6 214 3 6 -7 7 7 7 -7 -7
0 6 215 3 6 7 7 -7 -7 -7 -7
