120
193
94
180
61
110
42
80
232
56
224
253
79
92
16
53
16
164
43
204
116
92
117
156
130
146
114
76
11
149
184
128
11
201
53
221
188
251
65
79
219
146
94
173
234
63
206
240
203
169
33
208
151
13
254
182
234
213
245
252
186
224
157
230
211
161
46
125
154
40
49
89
172
44
222
93
24
64
205
98
103
112
155
51
88
37
116
76
201
69
187
253
232
175
72
160
5
51
17
83
207
19
10
127
168
1
104
207
133
193
215
96
85
44
78
247
27
246
144
12
163
61
87
193
227
113
253
210
168
18
41
79
120
168
222
175
179
52
17
180
9
164
234
70
235
182
12
153
204
149
212
135
68
96
66
71
89
216
231
136
78
202
175
199
112
105
10
95
208
31
102
90
108
40
206
160
88
32
244
123
225
96
255
55
200
156
77
82
198
153
36
53
152
36
77
203
136
2
65
104
151
3
88
62
168
144
245
172
221
99
202
42
18
130
77
167
9
220
252
239
234
170
212
138
234
225
112
11
99
158
197
90
133
165
163
254
155
166
124
245
196
59
56
129
232
231
130
61
220
182
