0 0 0 0 -473 74
0 0 1 0 32771 7
0 0 2 0 -23126 -23164
0 0 3 0 -23178 -23178
0 0 4 0 23135 23185
0 0 5 0 23170 23174
0 0 6 0 23169 23151
0 0 7 0 -23189 23157
0 0 8 0 23119 23184
0 0 9 0 -23139 -23199
0 0 10 0 23093 23170
0 0 11 0 23193 23178
0 0 12 0 23171 23213
0 0 13 0 -23156 -23192
0 0 14 0 23201 23219
0 0 15 0 23166 23161
0 0 16 0 -23119 -23184
0 0 17 0 -23184 23153
0 0 18 0 -23215 23193
0 0 19 0 -23159 -23171
0 0 20 0 -23204 23166
0 0 21 0 23156 23181
0 0 22 0 23177 23188
0 0 23 0 -23125 23103
0 0 24 0 -23146 -23175
0 0 25 0 -23149 23168
0 0 26 0 23177 -23188
0 0 27 0 -23156 23158
0 0 28 0 23164 -23170
0 0 29 0 -23155 23127
0 0 30 0 23191 23165
0 0 31 0 23196 -23187
0 0 32 0 -23139 23142
0 0 33 0 32760 11
0 0 34 0 23176 -23166
0 0 35 0 23156 23162
0 0 36 0 23151 23156
0 0 37 0 23115 23156
0 0 38 0 23156 23171
0 0 39 0 23144 23171
0 0 40 0 23173 -23143
0 0 41 0 -23140 -23169
0 0 42 0 -23209 23147
0 0 43 0 -23173 23149
0 0 44 0 23212 -23155
0 0 45 0 23148 23193
0 0 46 0 23190 23160
0 0 47 0 23206 -23146
0 0 48 0 23164 -23171
0 0 49 0 -23174 -23143
0 0 50 0 23199 -23139
0 0 51 0 -23149 -23183
0 0 52 0 23186 -23165
0 0 53 0 23146 23171
0 0 54 0 -23182 23165
0 0 55 0 -23173 -23213
0 0 56 0 23159 -23153
0 0 57 0 23165 -23146
0 0 58 0 23146 -23128
0 0 59 0 -23135 -23220
0 0 60 0 -23160 23143
0 0 61 0 -23177 23178
0 0 62 0 23158 23180
0 0 63 0 23204 -23174
0 0 64 0 23181 -23180
0 0 65 0 32794 -5
0 0 66 0 23199 -23166
0 0 67 0 -23171 -23187
0 0 68 0 -23174 -23167
0 0 69 0 -23156 -23140
0 0 70 0 -23160 23152
0 0 71 0 23156 23163
0 0 72 0 23177 -23205
0 0 73 0 -23206 23166
0 0 74 0 -23176 23160
0 0 75 0 -23203 23179
0 0 76 0 23192 23195
0 0 77 0 -23180 23165
0 0 78 0 -23158 -23170
0 0 79 0 -23150 -23177
0 0 80 0 -23209 -23168
0 0 81 0 23154 -23150
0 0 82 0 23160 23178
0 0 83 0 23160 23180
0 0 84 0 -23145 -23209
0 0 85 0 -23156 23187
0 0 86 0 23178 23150
0 0 87 0 -23178 -23182
0 0 88 0 -23174 23157
0 0 89 0 -23182 -23167
0 0 90 0 23157 23197
0 0 91 0 -23150 23143
0 0 92 0 23157 23126
0 0 93 0 23173 23201
0 0 94 0 23141 23192
0 0 95 0 -23151 -23161
0 0 96 0 23179 23201
0 0 97 0 32782 -11
0 0 98 0 -23158 -23145
0 0 99 0 -23167 23197
0 0 100 0 -23183 23135
0 0 101 0 23158 -23172
0 0 102 0 23173 23193
0 0 103 0 -23156 23167
0 0 104 0 -23155 -23188
0 0 105 0 23188 23156
0 0 106 0 23151 23137
0 0 107 0 -23164 23163
0 0 108 0 -23192 23147
0 0 109 0 -23181 -23190
0 0 110 0 -23184 23157
0 0 111 0 23177 23175
0 0 112 0 -23156 -23181
0 0 113 0 -7 -30
0 0 114 0 -10 15
0 0 115 0 4 -12
0 0 116 0 -9 21
0 0 117 0 4 2
0 0 118 0 -7 -14
0 0 119 0 -18 -13
0 0 120 0 -12 -2
0 0 121 0 -29 4
0 0 122 0 21 3
0 0 123 0 -16 0
0 0 124 0 -26 10
0 0 125 0 -13 -2
0 0 126 0 -17 17
0 0 127 0 15 23
0 0 128 0 -8 -14
0 0 129 0 -45 -16
0 0 130 0 -27 -7
0 0 131 0 24 38
0 0 132 0 3 -25
0 0 133 0 1 -8
0 0 134 0 7 -13
0 0 135 0 7 34
0 0 136 0 21 -9
0 0 137 0 -1 -7
0 0 138 0 -28 2
0 0 139 0 12 33
0 0 140 0 -48 10
0 0 141 0 -15 12
0 0 142 0 -17 -2
0 0 143 0 24 0
0 0 144 0 -23212 23142
0 0 145 0 23233 -23183
0 0 146 0 23167 23180
0 0 147 0 23178 -23165
0 0 148 0 -23175 -23145
0 0 149 0 -23169 23183
0 0 150 0 23197 -23151
0 0 151 0 -23174 -23194
0 0 152 0 23147 23212
0 0 153 0 -23191 -23191
0 0 154 0 23157 23193
0 0 155 0 23203 23165
0 0 156 0 -23152 23139
0 0 157 0 -23136 23186
0 0 158 0 23113 23200
0 0 159 0 32760 -2
0 0 160 0 23169 -23150
0 0 161 0 23177 -23153
0 0 162 0 -23178 -23189
0 0 163 0 23170 23211
0 0 164 0 -23162 -23158
0 0 165 0 -23151 23144
0 0 166 0 23153 23188
0 0 167 0 23170 23187
0 0 168 0 23152 23166
0 0 169 0 -23169 -23165
0 0 170 0 23181 -23194
0 0 171 0 23155 -23190
0 0 172 0 -23140 -23214
0 0 173 0 -23154 23147
0 0 174 0 23174 -23151
0 0 175 0 -23189 23146
0 0 176 0 23172 -23183
0 0 177 0 -23173 23150
0 0 178 0 -23175 23146
0 0 179 0 -23128 -23154
0 0 180 0 23203 -23214
0 0 181 0 23150 -23179
0 0 182 0 23152 23162
0 0 183 0 -23166 -23167
0 0 184 0 23161 23142
0 0 185 0 -23148 23161
0 0 186 0 23162 23140
0 0 187 0 23176 -23120
0 0 188 0 -23180 23166
0 0 189 0 -23169 -23145
0 0 190 0 23197 -23169
0 0 191 0 32781 6
0 0 192 0 23197 -23148
0 0 193 0 -23161 -23170
0 0 194 0 23193 23191
0 0 195 0 23149 23175
0 0 196 0 -23155 23156
0 0 197 0 23196 23203
0 0 198 0 23162 23160
0 0 199 0 23143 -23166
0 0 200 0 -23154 -23202
0 0 201 0 -23143 -23168
0 0 202 0 -23161 -23183
0 0 203 0 23147 -23162
0 0 204 0 23155 23154
0 0 205 0 -23190 23155
0 0 206 0 -23184 23189
0 0 207 0 23166 23163
0 0 208 0 23201 -23141
0 0 209 0 -23182 23149
0 0 210 0 23177 -23163
0 0 211 0 -23184 23165
0 0 212 0 -23142 23165
0 0 213 0 -23168 -23189
0 0 214 0 -23161 23158
0 0 215 0 23143 23181
0 0 216 0 -23144 23144
0 0 217 0 23162 23194
0 0 218 0 -23165 -23179
0 0 219 0 -23177 23159
0 0 220 0 23144 23176
0 0 221 0 23157 23145
0 0 222 0 23145 -23126
0 0 223 0 32773 23
0 0 224 0 -23169 -23165
0 0 225 0 23160 23166
0 0 226 0 23168 -23146
0 0 227 0 -23176 -23178
0 0 228 0 -23180 -23181
0 0 229 0 23184 -23182
0 0 230 0 23155 -23196
0 0 231 0 -23174 23181
0 0 232 0 23192 23143
0 0 233 0 -23170 -23189
0 0 234 0 -23216 23183
0 0 235 0 23167 -23135
0 0 236 0 23167 -23165
0 0 237 0 -23178 23167
0 0 238 0 23178 -23155
0 0 239 0 -23153 -23178
0 0 240 0 23175 23167
0 0 241 0 -23205 23155
0 0 242 0 -23172 23168
0 0 243 0 23165 23217
0 0 244 0 23164 23151
0 0 245 0 -23179 -23166
0 0 246 0 -23203 23153
0 0 247 0 23168 23195
0 0 248 0 23185 23187
0 0 249 0 23188 -23140
0 0 250 0 23177 23185
0 0 251 0 -23149 -23159
0 0 252 0 -23143 23131
0 0 253 0 23189 -23143
0 0 254 0 23156 23184
0 0 255 0 32762 -1
0 1 0 1 -482 105
0 1 1 1 32816 2
0 1 2 1 -32766 -8
0 1 3 1 -32779 -16
0 1 4 1 32715 25
0 1 5 1 32781 5
0 1 6 1 32780 8
0 1 7 1 -32780 -26
0 1 8 1 -32776 -30
0 1 9 1 -32783 10
0 1 10 1 32777 6
0 1 11 1 -32757 -16
0 1 12 1 -32767 4
0 1 13 1 32707 16
0 1 14 1 -32789 -20
0 1 15 1 -32758 1
0 1 16 1 -32803 0
0 1 17 1 -32773 4
0 1 18 1 32749 14
0 1 19 1 32753 28
0 1 20 1 32758 8
0 1 21 1 -32754 -15
0 1 22 1 32769 5
0 1 23 1 -32759 -10
0 1 24 1 32768 4
0 1 25 1 -32781 17
0 1 26 1 32759 38
0 1 27 1 32769 17
0 1 28 1 32768 0
0 1 29 1 32780 17
0 1 30 1 -32768 -45
0 1 31 1 -32786 -29
0 1 32 1 -32762 -29
0 1 33 1 32768 15
0 1 34 1 32752 0
0 1 35 1 32749 8
0 1 36 1 32759 32
0 1 37 1 -32763 -20
0 1 38 1 -32758 8
0 1 39 1 -32746 -3
0 1 40 1 -32784 -29
0 1 41 1 -32782 -45
0 1 42 1 32779 11
0 1 43 1 -32748 4
0 1 44 1 -32789 -15
0 1 45 1 32784 14
0 1 46 1 32731 -3
0 1 47 1 -32782 4
0 1 48 1 -32793 -69
0 1 49 1 -32799 0
0 1 50 1 32762 52
0 1 51 1 -32773 -14
0 1 52 1 -32799 -11
0 1 53 1 32742 6
0 1 54 1 -32783 -7
0 1 55 1 -32783 3
0 1 56 1 32768 1
0 1 57 1 -32731 6
0 1 58 1 -32767 -52
0 1 59 1 32761 -28
0 1 60 1 32779 22
0 1 61 1 -32745 -34
0 1 62 1 32756 6
0 1 63 1 -32748 -43
0 1 64 1 32763 16
0 1 65 1 32771 26
0 1 66 1 32785 -3
0 1 67 1 32771 20
0 1 68 1 32783 13
0 1 69 1 32772 1
0 1 70 1 -32775 19
0 1 71 1 -32782 -36
0 1 72 1 32767 5
0 1 73 1 -32772 -27
0 1 74 1 -32766 -49
0 1 75 1 -32805 -10
0 1 76 1 32778 25
0 1 77 1 32804 24
0 1 78 1 -32752 -19
0 1 79 1 32770 27
0 1 80 1 32765 50
0 1 81 1 32766 -3
0 1 82 1 -32786 2
0 1 83 1 32733 15
0 1 84 1 -32756 12
0 1 85 1 32723 18
0 1 86 1 -32737 -16
0 1 87 1 -32801 29
0 1 88 1 -32802 9
0 1 89 1 -32793 -40
0 1 90 1 -32769 37
0 1 91 1 -32790 -33
0 1 92 1 32772 18
0 1 93 1 -32774 -15
0 1 94 1 32794 14
0 1 95 1 32776 -16
0 1 96 1 -32760 22
0 1 97 1 32735 -33
0 1 98 1 32752 6
0 1 99 1 32753 17
0 1 100 1 32752 -7
0 1 101 1 32807 0
0 1 102 1 -32762 6
0 1 103 1 -32737 -57
0 1 104 1 32777 -8
0 1 105 1 -32759 -58
0 1 106 1 -32756 -34
0 1 107 1 -32787 -29
0 1 108 1 -32762 -20
0 1 109 1 -32754 -1
0 1 110 1 -32749 -9
0 1 111 1 -32760 -37
0 1 112 1 -32755 0
0 1 113 1 23 -16
0 1 114 1 -5 8
0 1 115 1 -10 20
0 1 116 1 2 5
0 1 117 1 14 12
0 1 118 1 -28 -1
0 1 119 1 -2 25
0 1 120 1 23 -20
0 1 121 1 -11 -43
0 1 122 1 16 16
0 1 123 1 -10 10
0 1 124 1 12 -4
0 1 125 1 -30 17
0 1 126 1 8 14
0 1 127 1 -15 -21
0 1 128 1 17 22
0 1 129 1 -15 -17
0 1 130 1 -3 22
0 1 131 1 -14 -9
0 1 132 1 8 0
0 1 133 1 18 19
0 1 134 1 3 14
0 1 135 1 -19 18
0 1 136 1 -8 4
0 1 137 1 -38 -11
0 1 138 1 22 -9
0 1 139 1 -2 -4
0 1 140 1 -18 36
0 1 141 1 -15 -7
0 1 142 1 12 13
0 1 143 1 3 -25
0 1 144 1 32753 4
0 1 145 1 -32771 -20
0 1 146 1 -32743 0
0 1 147 1 -32773 9
0 1 148 1 32767 9
0 1 149 1 -32772 16
0 1 150 1 -32774 19
0 1 151 1 32750 24
0 1 152 1 32749 8
0 1 153 1 32766 56
0 1 154 1 32787 35
0 1 155 1 -32768 -17
0 1 156 1 -32770 -8
0 1 157 1 32756 33
0 1 158 1 32748 14
0 1 159 1 32756 -9
0 1 160 1 32748 0
0 1 161 1 32784 14
0 1 162 1 32773 -15
0 1 163 1 -32769 0
0 1 164 1 32763 -5
0 1 165 1 32739 -4
0 1 166 1 -32760 -10
0 1 167 1 -32790 -10
0 1 168 1 32781 -5
0 1 169 1 -32767 16
0 1 170 1 -32761 0
0 1 171 1 32783 -4
0 1 172 1 -32743 12
0 1 173 1 32736 36
0 1 174 1 32752 4
0 1 175 1 32768 11
0 1 176 1 -32768 10
0 1 177 1 -32734 -17
0 1 178 1 32773 12
0 1 179 1 32754 22
0 1 180 1 -32782 -13
0 1 181 1 32754 1
0 1 182 1 -32747 -35
0 1 183 1 -32773 3
0 1 184 1 32718 -23
0 1 185 1 -32787 1
0 1 186 1 32768 28
0 1 187 1 -32808 -25
0 1 188 1 -32733 -29
0 1 189 1 -32755 -2
0 1 190 1 32770 32
0 1 191 1 32747 -20
0 1 192 1 -32791 -40
0 1 193 1 -32761 7
0 1 194 1 -32777 -4
0 1 195 1 -32772 -22
0 1 196 1 32789 10
0 1 197 1 32769 29
0 1 198 1 -32781 4
0 1 199 1 -32739 -10
0 1 200 1 -32732 -6
0 1 201 1 32767 0
0 1 202 1 32785 15
0 1 203 1 -32774 -54
0 1 204 1 32760 24
0 1 205 1 -32766 20
0 1 206 1 -32740 -4
0 1 207 1 32739 14
0 1 208 1 -32779 -10
0 1 209 1 -32727 11
0 1 210 1 32776 17
0 1 211 1 -32780 -16
0 1 212 1 -32773 14
0 1 213 1 32784 -7
0 1 214 1 32747 -3
0 1 215 1 -32758 -15
0 1 216 1 -32769 -11
0 1 217 1 32774 -2
0 1 218 1 -32770 -1
0 1 219 1 32768 3
0 1 220 1 -32759 -8
0 1 221 1 32773 37
0 1 222 1 32755 -8
0 1 223 1 32715 -30
0 1 224 1 -32717 15
0 1 225 1 32757 13
0 1 226 1 -32741 -32
0 1 227 1 -32767 -25
0 1 228 1 -32741 17
0 1 229 1 -32764 -15
0 1 230 1 -32778 -5
0 1 231 1 -32796 9
0 1 232 1 -32775 22
0 1 233 1 -32734 -2
0 1 234 1 32749 45
0 1 235 1 -32726 0
0 1 236 1 32770 -22
0 1 237 1 32769 44
0 1 238 1 -32796 -28
0 1 239 1 32770 -12
0 1 240 1 -32786 -32
0 1 241 1 32782 -4
0 1 242 1 -32763 6
0 1 243 1 32741 0
0 1 244 1 32760 16
0 1 245 1 -32778 -6
0 1 246 1 32776 19
0 1 247 1 32740 43
0 1 248 1 -32737 14
0 1 249 1 32779 9
0 1 250 1 32776 -6
0 1 251 1 -32808 14
0 1 252 1 -32772 -34
0 1 253 1 -32778 -53
0 1 254 1 32773 -20
0 1 255 1 32743 15
0 2 0 1 -472 83
0 2 1 1 32767 -7
0 2 2 1 32733 -3
0 2 3 1 32779 14
0 2 4 1 -32781 2
0 2 5 1 -32763 -15
0 2 6 1 32811 23
0 2 7 1 -32757 -19
0 2 8 1 -32765 9
0 2 9 1 -32777 -20
0 2 10 1 -32780 9
0 2 11 1 32810 43
0 2 12 1 32745 31
0 2 13 1 32765 -2
0 2 14 1 -32776 -34
0 2 15 1 -32765 0
0 2 16 1 32771 62
0 2 17 1 -32749 -37
0 2 18 1 32739 10
0 2 19 1 32798 -4
0 2 20 1 32753 -13
0 2 21 1 -32792 -28
0 2 22 1 -32753 -18
0 2 23 1 -32778 2
0 2 24 1 -32770 -16
0 2 25 1 32777 17
0 2 26 1 32754 29
0 2 27 1 -32770 -5
0 2 28 1 32752 0
0 2 29 1 -32777 -7
0 2 30 1 -32776 -9
0 2 31 1 32773 8
0 2 32 1 -32775 -23
0 2 33 1 32778 -19
0 2 34 1 -32784 -40
0 2 35 1 -32776 25
0 2 36 1 -32810 38
0 2 37 1 32768 17
0 2 38 1 32768 -11
0 2 39 1 -32739 10
0 2 40 1 32751 24
0 2 41 1 -32792 -22
0 2 42 1 32742 42
0 2 43 1 -32782 -17
0 2 44 1 32742 20
0 2 45 1 32756 23
0 2 46 1 -32748 28
0 2 47 1 32766 -6
0 2 48 1 -32777 -30
0 2 49 1 -32784 5
0 2 50 1 -32773 -12
0 2 51 1 -32722 7
0 2 52 1 -32813 21
0 2 53 1 32763 17
0 2 54 1 32778 20
0 2 55 1 -32768 5
0 2 56 1 32770 2
0 2 57 1 -32787 -29
0 2 58 1 -32790 20
0 2 59 1 -32791 -4
0 2 60 1 -32765 -4
0 2 61 1 -32760 -10
0 2 62 1 32761 0
0 2 63 1 -32763 0
0 2 64 1 -32773 -18
0 2 65 1 32783 16
0 2 66 1 32772 32
0 2 67 1 32738 31
0 2 68 1 32708 -5
0 2 69 1 32749 40
0 2 70 1 -32739 -21
0 2 71 1 -32798 0
0 2 72 1 32765 6
0 2 73 1 32788 44
0 2 74 1 -32764 7
0 2 75 1 32764 -40
0 2 76 1 -32772 12
0 2 77 1 32778 32
0 2 78 1 32807 -3
0 2 79 1 32762 36
0 2 80 1 -32763 -13
0 2 81 1 32731 -3
0 2 82 1 -32820 -25
0 2 83 1 32762 -2
0 2 84 1 32735 -14
0 2 85 1 -32779 17
0 2 86 1 -32777 -26
0 2 87 1 -32741 17
0 2 88 1 -32798 17
0 2 89 1 -32733 -44
0 2 90 1 -32789 -31
0 2 91 1 -32744 -32
0 2 92 1 -32796 -11
0 2 93 1 -32780 -6
0 2 94 1 32774 59
0 2 95 1 32763 16
0 2 96 1 32733 30
0 2 97 1 32766 3
0 2 98 1 -32775 -15
0 2 99 1 32760 13
0 2 100 1 32752 0
0 2 101 1 -32785 -5
0 2 102 1 32767 37
0 2 103 1 32785 31
0 2 104 1 -32738 -40
0 2 105 1 -32784 32
0 2 106 1 -32752 -20
0 2 107 1 -32780 -18
0 2 108 1 32760 -2
0 2 109 1 -32730 -17
0 2 110 1 32774 23
0 2 111 1 32740 28
0 2 112 1 -32802 10
0 2 113 1 13 0
0 2 114 1 -18 0
0 2 115 1 -4 -20
0 2 116 1 -7 -22
0 2 117 1 -15 3
0 2 118 1 0 6
0 2 119 1 -11 -1
0 2 120 1 32 -9
0 2 121 1 18 10
0 2 122 1 5 11
0 2 123 1 28 14
0 2 124 1 -19 -1
0 2 125 1 -11 24
0 2 126 1 -17 -6
0 2 127 1 -16 40
0 2 128 1 -23 -22
0 2 129 1 -21 18
0 2 130 1 17 -17
0 2 131 1 -40 -56
0 2 132 1 -28 7
0 2 133 1 -4 -2
0 2 134 1 -7 1
0 2 135 1 37 5
0 2 136 1 -9 28
0 2 137 1 1 24
0 2 138 1 -8 17
0 2 139 1 8 15
0 2 140 1 -12 -2
0 2 141 1 23 11
0 2 142 1 4 -9
0 2 143 1 -2 -23
0 2 144 1 32784 -4
0 2 145 1 -32757 -6
0 2 146 1 -32773 6
0 2 147 1 32748 34
0 2 148 1 32775 -13
0 2 149 1 -32748 14
0 2 150 1 -32762 -17
0 2 151 1 -32776 -1
0 2 152 1 32746 -6
0 2 153 1 32753 0
0 2 154 1 32735 44
0 2 155 1 32790 9
0 2 156 1 -32774 -6
0 2 157 1 32772 16
0 2 158 1 32767 19
0 2 159 1 32785 -9
0 2 160 1 -32776 -44
0 2 161 1 -32751 -1
0 2 162 1 32741 18
0 2 163 1 32758 40
0 2 164 1 -32759 13
0 2 165 1 -32765 -34
0 2 166 1 32776 3
0 2 167 1 -32762 -29
0 2 168 1 -32767 8
0 2 169 1 32707 4
0 2 170 1 -32789 19
0 2 171 1 -32775 -28
0 2 172 1 32766 16
0 2 173 1 -32776 -17
0 2 174 1 -32745 -5
0 2 175 1 32758 29
0 2 176 1 -32761 5
0 2 177 1 32767 -13
0 2 178 1 -32765 -34
0 2 179 1 32759 -22
0 2 180 1 -32781 -31
0 2 181 1 -32745 0
0 2 182 1 -32797 25
0 2 183 1 -32731 -12
0 2 184 1 32772 43
0 2 185 1 -32756 -10
0 2 186 1 -32772 21
0 2 187 1 32742 -2
0 2 188 1 -32786 -7
0 2 189 1 -32805 -6
0 2 190 1 32761 25
0 2 191 1 32790 37
0 2 192 1 -32791 -14
0 2 193 1 -32778 3
0 2 194 1 -32788 -6
0 2 195 1 -32751 -10
0 2 196 1 32792 9
0 2 197 1 32781 6
0 2 198 1 32760 34
0 2 199 1 -32742 -33
0 2 200 1 -32789 -13
0 2 201 1 32771 -10
0 2 202 1 -32793 16
0 2 203 1 -32788 -25
0 2 204 1 -32764 -35
0 2 205 1 32760 14
0 2 206 1 32759 -28
0 2 207 1 -32776 -16
0 2 208 1 -32784 -12
0 2 209 1 -32802 21
0 2 210 1 -32774 -35
0 2 211 1 32746 -8
0 2 212 1 -32780 -34
0 2 213 1 -32771 -40
0 2 214 1 -32762 -2
0 2 215 1 32766 25
0 2 216 1 -32757 -29
0 2 217 1 -32775 5
0 2 218 1 -32764 -32
0 2 219 1 32763 -7
0 2 220 1 -32778 21
0 2 221 1 -32791 4
0 2 222 1 32791 -2
0 2 223 1 32748 7
0 2 224 1 -32769 17
0 2 225 1 -32778 -3
0 2 226 1 32761 1
0 2 227 1 -32762 -28
0 2 228 1 -32759 14
0 2 229 1 -32742 28
0 2 230 1 32798 -4
0 2 231 1 32795 -2
0 2 232 1 -32758 -24
0 2 233 1 -32782 -26
0 2 234 1 32772 30
0 2 235 1 32746 14
0 2 236 1 32764 24
0 2 237 1 32777 16
0 2 238 1 -32742 -24
0 2 239 1 -32807 -6
0 2 240 1 32797 -24
0 2 241 1 32815 -7
0 2 242 1 -32769 -23
0 2 243 1 32758 -41
0 2 244 1 -32756 -3
0 2 245 1 32783 0
0 2 246 1 -32739 19
0 2 247 1 32776 9
0 2 248 1 -32755 -65
0 2 249 1 32741 19
0 2 250 1 32713 -12
0 2 251 1 -32777 -13
0 2 252 1 32777 39
0 2 253 1 -32774 4
0 2 254 1 32782 -5
0 2 255 1 32763 39
0 3 0 2 -455 79
0 3 1 2 32720 14
0 3 2 2 10400 -10350
0 3 3 2 10330 -31083
0 3 4 2 10362 10399
0 3 5 2 -31057 -31127
0 3 6 2 31094 -10355
0 3 7 2 -10381 -10354
0 3 8 2 -31076 31023
0 3 9 2 -10376 31065
0 3 10 2 10358 31112
0 3 11 2 10360 -10379
0 3 12 2 10372 -31080
0 3 13 2 -10342 -10371
0 3 14 2 10385 31070
0 3 15 2 -31057 -31112
0 3 16 2 31086 31134
0 3 17 2 -31079 -10384
0 3 18 2 10335 31076
0 3 19 2 31112 -10352
0 3 20 2 10378 -10345
0 3 21 2 10377 -10361
0 3 22 2 -31086 -10416
0 3 23 2 -10399 10357
0 3 24 2 31079 10362
0 3 25 2 -10381 -31095
0 3 26 2 -10338 10355
0 3 27 2 10367 10351
0 3 28 2 -31127 -10363
0 3 29 2 -31085 31088
0 3 30 2 -31045 -31101
0 3 31 2 31102 -10359
0 3 32 2 10384 -31079
0 3 33 2 32750 3
0 3 34 2 -31116 31099
0 3 35 2 31113 -31103
0 3 36 2 -10351 -31077
0 3 37 2 10381 -10361
0 3 38 2 -10388 -10343
0 3 39 2 -10378 10317
0 3 40 2 -31111 31052
0 3 41 2 10389 -10341
0 3 42 2 -10397 10375
0 3 43 2 10394 -31090
0 3 44 2 10369 -31068
0 3 45 2 10356 10377
0 3 46 2 -31087 31084
0 3 47 2 10322 31085
0 3 48 2 31091 10379
0 3 49 2 -10360 -10319
0 3 50 2 31077 -31092
0 3 51 2 -10381 31097
0 3 52 2 31068 -10363
0 3 53 2 10382 -31077
0 3 54 2 -31075 10328
0 3 55 2 10374 -10371
0 3 56 2 31056 10353
0 3 57 2 -31083 10379
0 3 58 2 31019 31096
0 3 59 2 10372 -10354
0 3 60 2 10373 -31085
0 3 61 2 10358 10376
0 3 62 2 31068 31091
0 3 63 2 -10341 -10330
0 3 64 2 31054 31110
0 3 65 2 32779 -6
0 3 66 2 10346 -10361
0 3 67 2 -10377 -10372
0 3 68 2 10340 31079
0 3 69 2 10366 10385
0 3 70 2 -31065 -10389
0 3 71 2 31087 -31102
0 3 72 2 10320 31054
0 3 73 2 -31051 -31098
0 3 74 2 -10374 31080
0 3 75 2 -31085 -10398
0 3 76 2 -31108 31102
0 3 77 2 -10388 -10356
0 3 78 2 -31087 10335
0 3 79 2 31091 -31039
0 3 80 2 31110 -10347
0 3 81 2 10360 10376
0 3 82 2 -10345 -31097
0 3 83 2 -31095 -31093
0 3 84 2 -10360 10358
0 3 85 2 10369 -31075
0 3 86 2 10341 31072
0 3 87 2 10373 10363
0 3 88 2 -31118 31085
0 3 89 2 31072 31100
0 3 90 2 10367 -10361
0 3 91 2 -10354 31096
0 3 92 2 -10388 -10359
0 3 93 2 10386 31094
0 3 94 2 10345 -31080
0 3 95 2 10339 31100
0 3 96 2 31063 -31058
0 3 97 2 32752 7
0 3 98 2 -10360 10374
0 3 99 2 10354 31066
0 3 100 2 -10369 -31094
0 3 101 2 31079 31088
0 3 102 2 -31077 -10368
0 3 103 2 -31067 10346
0 3 104 2 10366 -31083
0 3 105 2 -31091 -10380
0 3 106 2 -31070 -31099
0 3 107 2 -10380 -10333
0 3 108 2 -10340 -10390
0 3 109 2 -10355 31067
0 3 110 2 -31090 -31106
0 3 111 2 -31069 -31052
0 3 112 2 31094 -31053
0 3 113 2 -19 -16
0 3 114 2 -28 12
0 3 115 2 -9 4
0 3 116 2 -37 12
0 3 117 2 -13 28
0 3 118 2 2 21
0 3 119 2 31 -15
0 3 120 2 -5 -11
0 3 121 2 -23 25
0 3 122 2 0 -16
0 3 123 2 -14 -23
0 3 124 2 19 -13
0 3 125 2 13 -15
0 3 126 2 2 1
0 3 127 2 14 -27
0 3 128 2 -26 21
0 3 129 2 37 0
0 3 130 2 17 -17
0 3 131 2 -21 -29
0 3 132 2 7 13
0 3 133 2 30 22
0 3 134 2 -19 -2
0 3 135 2 10 2
0 3 136 2 17 0
0 3 137 2 0 4
0 3 138 2 -10 -25
0 3 139 2 12 19
0 3 140 2 -13 19
0 3 141 2 11 13
0 3 142 2 1 20
0 3 143 2 5 6
0 3 144 2 10354 -31052
0 3 145 2 -31088 31036
0 3 146 2 10386 -31097
0 3 147 2 10381 10341
0 3 148 2 10367 -31092
0 3 149 2 -31070 10348
0 3 150 2 31097 -31062
0 3 151 2 31102 10386
0 3 152 2 -10383 -10394
0 3 153 2 31105 -31080
0 3 154 2 -10358 -10373
0 3 155 2 31078 10339
0 3 156 2 10367 -31051
0 3 157 2 -31071 31095
0 3 158 2 -31075 -31082
0 3 159 2 32740 29
0 3 160 2 10331 10357
0 3 161 2 -31079 -31116
0 3 162 2 -10340 10343
0 3 163 2 -31034 -31072
0 3 164 2 10378 31060
0 3 165 2 -10357 10372
0 3 166 2 31098 10386
0 3 167 2 -31089 10369
0 3 168 2 -31084 -10376
0 3 169 2 -10372 31083
0 3 170 2 -10363 -31108
0 3 171 2 10380 -31084
0 3 172 2 31126 -31077
0 3 173 2 -31079 10340
0 3 174 2 -31076 31070
0 3 175 2 -31117 -10339
0 3 176 2 31104 -31083
0 3 177 2 -10362 -31096
0 3 178 2 -31091 -10386
0 3 179 2 -31030 -10373
0 3 180 2 -31090 -31103
0 3 181 2 -10403 31076
0 3 182 2 -10361 -31078
0 3 183 2 10328 31110
0 3 184 2 -31059 10338
0 3 185 2 31059 10352
0 3 186 2 -31080 31094
0 3 187 2 10352 -10364
0 3 188 2 -10357 -10391
0 3 189 2 -31091 -10361
0 3 190 2 -31081 10310
0 3 191 2 32788 35
0 3 192 2 10380 31102
0 3 193 2 31108 -31061
0 3 194 2 -31095 -10350
0 3 195 2 31080 -31049
0 3 196 2 -10357 -31115
0 3 197 2 31109 -10361
0 3 198 2 10405 -31095
0 3 199 2 31115 -10336
0 3 200 2 10357 10353
0 3 201 2 10352 -10356
0 3 202 2 -10359 10381
0 3 203 2 -31128 -31055
0 3 204 2 -10341 -10326
0 3 205 2 -31058 -31097
0 3 206 2 -31088 -31055
0 3 207 2 -31047 -31087
0 3 208 2 10395 -31099
0 3 209 2 -10371 10365
0 3 210 2 31095 31097
0 3 211 2 31064 31079
0 3 212 2 -10352 -10377
0 3 213 2 10383 10390
0 3 214 2 10358 31117
0 3 215 2 31087 31089
0 3 216 2 -31095 -31112
0 3 217 2 10374 -10404
0 3 218 2 -10341 10359
0 3 219 2 -10370 -31082
0 3 220 2 10387 -10385
0 3 221 2 -31069 -10360
0 3 222 2 10352 31108
0 3 223 2 32734 -18
0 3 224 2 31084 10364
0 3 225 2 -10356 -10371
0 3 226 2 31084 10364
0 3 227 2 10344 10378
0 3 228 2 31080 31130
0 3 229 2 -31119 31024
0 3 230 2 -31057 31058
0 3 231 2 10327 -10327
0 3 232 2 31058 31118
0 3 233 2 -10372 -10399
0 3 234 2 10377 -31092
0 3 235 2 -31049 -31102
0 3 236 2 31078 10331
0 3 237 2 10371 -31055
0 3 238 2 -31074 -10332
0 3 239 2 -10355 31059
0 3 240 2 -31109 31089
0 3 241 2 -31070 -31089
0 3 242 2 10338 31077
0 3 243 2 -10360 -31050
0 3 244 2 -31052 10323
0 3 245 2 31060 31104
0 3 246 2 10363 -31072
0 3 247 2 -10365 -31089
0 3 248 2 10358 31083
0 3 249 2 -10340 -10364
0 3 250 2 10366 -10359
0 3 251 2 -31099 31089
0 3 252 2 -31072 10332
0 3 253 2 -10368 31057
0 3 254 2 -10358 31099
0 3 255 2 32783 41
0 4 0 2 -483 79
0 4 1 2 32768 13
0 4 2 2 -10341 -31101
0 4 3 2 -31065 -10356
0 4 4 2 10346 31090
0 4 5 2 31087 10346
0 4 6 2 -10355 10346
0 4 7 2 -31059 -31114
0 4 8 2 -10331 10372
0 4 9 2 31055 -10339
0 4 10 2 -31077 -31122
0 4 11 2 10300 31104
0 4 12 2 -10373 -10369
0 4 13 2 -10363 -10360
0 4 14 2 31090 10412
0 4 15 2 10352 31083
0 4 16 2 10371 10410
0 4 17 2 31062 -10325
0 4 18 2 10332 -10386
0 4 19 2 31103 10353
0 4 20 2 10321 31087
0 4 21 2 -31079 10375
0 4 22 2 10364 -10343
0 4 23 2 -10360 -31043
0 4 24 2 -31083 31081
0 4 25 2 -31060 10352
0 4 26 2 31120 -10319
0 4 27 2 -10381 31096
0 4 28 2 -10354 -31097
0 4 29 2 -10381 31077
0 4 30 2 -31099 10336
0 4 31 2 -10325 -31070
0 4 32 2 31043 31119
0 4 33 2 32754 -6
0 4 34 2 10383 -10371
0 4 35 2 10362 31076
0 4 36 2 -31079 10377
0 4 37 2 -10344 31107
0 4 38 2 10384 -31099
0 4 39 2 10354 -10365
0 4 40 2 31071 31077
0 4 41 2 -31069 10329
0 4 42 2 10381 -10347
0 4 43 2 10369 -10330
0 4 44 2 10372 -10341
0 4 45 2 31085 31095
0 4 46 2 31111 -31052
0 4 47 2 10346 10377
0 4 48 2 31065 31080
0 4 49 2 10379 10392
0 4 50 2 10350 -31077
0 4 51 2 10359 -31044
0 4 52 2 -10363 -10381
0 4 53 2 -31090 -31067
0 4 54 2 -31057 31108
0 4 55 2 31083 31104
0 4 56 2 -31081 -31100
0 4 57 2 -31068 10369
0 4 58 2 -10363 10355
0 4 59 2 -31095 31087
0 4 60 2 31124 -10339
0 4 61 2 -31084 -10377
0 4 62 2 31115 31114
0 4 63 2 -10375 10357
0 4 64 2 -10367 31093
0 4 65 2 32787 -8
0 4 66 2 -31138 31047
0 4 67 2 10370 10369
0 4 68 2 31060 31088
0 4 69 2 -31104 31075
0 4 70 2 31109 -10361
0 4 71 2 31082 31116
0 4 72 2 -31094 10353
0 4 73 2 10363 -10358
0 4 74 2 -10377 -10349
0 4 75 2 31091 -31088
0 4 76 2 -31109 10356
0 4 77 2 -31104 10315
0 4 78 2 -10400 -10380
0 4 79 2 -31043 -10371
0 4 80 2 10336 10372
0 4 81 2 -10377 -31104
0 4 82 2 -31058 -10372
0 4 83 2 -31093 10375
0 4 84 2 10380 10367
0 4 85 2 -10369 -31122
0 4 86 2 -10382 10359
0 4 87 2 -31067 10350
0 4 88 2 -10326 -10348
0 4 89 2 -31125 31086
0 4 90 2 31094 -31082
0 4 91 2 -10394 31052
0 4 92 2 31122 31100
0 4 93 2 10362 31112
0 4 94 2 -10332 31069
0 4 95 2 -10366 -31088
0 4 96 2 31042 10352
0 4 97 2 32767 7
0 4 98 2 -10377 -31048
0 4 99 2 -31106 10338
0 4 100 2 31082 31118
0 4 101 2 -31070 -31090
0 4 102 2 10371 31063
0 4 103 2 31038 31094
0 4 104 2 -31089 10370
0 4 105 2 10376 31106
0 4 106 2 10356 -31094
0 4 107 2 -31078 -31109
0 4 108 2 -31087 -31098
0 4 109 2 -10349 -31072
0 4 110 2 10372 -31071
0 4 111 2 -31081 10347
0 4 112 2 31097 -10374
0 4 113 2 -7 -17
0 4 114 2 -2 15
0 4 115 2 39 35
0 4 116 2 -9 13
0 4 117 2 -26 -47
0 4 118 2 19 4
0 4 119 2 1 -26
0 4 120 2 6 12
0 4 121 2 29 -31
0 4 122 2 22 10
0 4 123 2 -23 -15
0 4 124 2 -24 14
0 4 125 2 -11 2
0 4 126 2 25 -24
0 4 127 2 -29 4
0 4 128 2 -8 8
0 4 129 2 -7 65
0 4 130 2 6 16
0 4 131 2 -10 7
0 4 132 2 -25 26
0 4 133 2 15 -20
0 4 134 2 -12 -14
0 4 135 2 -22 -14
0 4 136 2 -15 -42
0 4 137 2 1 -16
0 4 138 2 9 -18
0 4 139 2 -20 -16
0 4 140 2 8 12
0 4 141 2 -5 -38
0 4 142 2 19 16
0 4 143 2 -20 -21
0 4 144 2 -31078 -31096
0 4 145 2 -31092 -31108
0 4 146 2 -31027 -31071
0 4 147 2 -10340 10325
0 4 148 2 -10360 31108
0 4 149 2 31045 31092
0 4 150 2 10335 31087
0 4 151 2 -10374 10350
0 4 152 2 -10348 -10327
0 4 153 2 10350 -10374
0 4 154 2 -10373 -31108
0 4 155 2 -31061 -31062
0 4 156 2 10380 -31119
0 4 157 2 -31126 -31085
0 4 158 2 -31082 -31070
0 4 159 2 32760 4
0 4 160 2 31086 -10381
0 4 161 2 -10384 10373
0 4 162 2 -10392 10347
0 4 163 2 10353 -31086
0 4 164 2 -31088 10355
0 4 165 2 -31115 31084
0 4 166 2 10371 -31070
0 4 167 2 31099 31093
0 4 168 2 10384 -31071
0 4 169 2 10362 -31090
0 4 170 2 31092 -31094
0 4 171 2 -31074 -10352
0 4 172 2 31097 -31052
0 4 173 2 -10357 -10352
0 4 174 2 -31082 10351
0 4 175 2 -10375 31077
0 4 176 2 10369 10343
0 4 177 2 -31106 31089
0 4 178 2 31068 31091
0 4 179 2 -31054 31102
0 4 180 2 31106 31085
0 4 181 2 -10336 10327
0 4 182 2 31133 -31057
0 4 183 2 31072 -31094
0 4 184 2 10355 -10337
0 4 185 2 31106 10355
0 4 186 2 -31076 10355
0 4 187 2 10358 -31070
0 4 188 2 -31074 -31104
0 4 189 2 31082 10386
0 4 190 2 10392 -31135
0 4 191 2 32799 1
0 4 192 2 31087 31091
0 4 193 2 31100 -31071
0 4 194 2 -10357 31067
0 4 195 2 -31082 10312
0 4 196 2 -31112 -10367
0 4 197 2 10362 31087
0 4 198 2 10349 -31117
0 4 199 2 -10348 10348
0 4 200 2 -31076 -31104
0 4 201 2 -10362 -10373
0 4 202 2 -31089 31070
0 4 203 2 -31082 10345
0 4 204 2 31104 -31086
0 4 205 2 10369 31058
0 4 206 2 -31095 31082
0 4 207 2 10373 -10382
0 4 208 2 -10365 -10362
0 4 209 2 31080 31086
0 4 210 2 -10353 10355
0 4 211 2 10347 -10355
0 4 212 2 -31089 31058
0 4 213 2 -10368 31088
0 4 214 2 -31065 -31104
0 4 215 2 31083 -31088
0 4 216 2 -31114 -10351
0 4 217 2 -10367 -10375
0 4 218 2 31067 31086
0 4 219 2 31060 31125
0 4 220 2 -10381 -10343
0 4 221 2 10384 -10335
0 4 222 2 31088 10352
0 4 223 2 32757 -1
0 4 224 2 -10376 31085
0 4 225 2 31050 31130
0 4 226 2 10313 10324
0 4 227 2 31044 31101
0 4 228 2 10352 31093
0 4 229 2 -31107 -10369
0 4 230 2 10351 31077
0 4 231 2 -10390 10425
0 4 232 2 31072 31092
0 4 233 2 31086 -31065
0 4 234 2 -10350 -10391
0 4 235 2 -10346 -31054
0 4 236 2 10363 -31060
0 4 237 2 -10353 -31074
0 4 238 2 31107 -31107
0 4 239 2 31087 10360
0 4 240 2 10363 -10356
0 4 241 2 -10341 -10370
0 4 242 2 31072 31099
0 4 243 2 10388 31092
0 4 244 2 -31073 31087
0 4 245 2 10349 31081
0 4 246 2 -31094 -31079
0 4 247 2 -10349 10375
0 4 248 2 10384 31075
0 4 249 2 10366 31096
0 4 250 2 10379 -10399
0 4 251 2 31111 31108
0 4 252 2 10320 -31078
0 4 253 2 10385 10377
0 4 254 2 31114 -31074
0 4 255 2 32747 -37
