1.09499002 -0.176963091
1.09499002 -0.176963091
0.889092863 -0.35922882
1.27560508 -0.460054904
1.23224652 -0.173287317
0.978281379 -0.345413178
1.10003984 -0.237481102
1.0781064 -0.127986744
1.21322036 -0.151898086
1.26296496 0.0451282747
1.10909843 -0.409588009
1.17826939 -0.496241957
1.14412296 -0.68907994
1.16041124 -0.471024662
1.04921043 -0.643134236
0.985025823 -0.768895388
1.13560402 -0.558863282
0.977871954 -0.585826695
0.992463887 -0.988368988
1.11621439 -0.491274953
1.17081189 -0.743698955
1.08757174 -0.832259119
0.963864982 -1.08609366
1.01994169 -0.919854879
0.77853334 -0.793394268
0.647852838 -1.03296769
0.778581262 -0.937482774
0.891033888 -0.752345741
1.05784667 -0.978040814
0.98862958 -1.04559922
0.832013309 -1.21235955
0.932849526 -1.03886318
0.881837487 -0.918869436
0.62890172 -1.42426133
0.584384501 -1.25795209
0.407570064 -1.20811474
0.579280317 -1.09791017
0.411096066 -1.7457726
0.327115059 -1.25897551
0.637401104 -1.60111034
0.304680586 -1.77847195
0.417475462 -1.28344345
0.378897905 -1.66948569
0.258125514 -1.5658952
0.203587025 -1.28974092
0.237793908 -1.33953786
-0.0572149381 -1.68457758
0.0439213142 -1.41917419
0.0316953138 -1.37330747
0.0982556865 -1.66595876
-0.0676003024 -1.19415069
-0.237498507 -1.3218646
-0.0359977074 -1.35081041
-0.104327612 -1.87204266
-0.00809935946 -1.62034297
-0.217708111 -1.42554951
-0.435375929 -1.41487777
-0.467359692 -1.63484836
-0.605101049 -1.20953786
-0.164583489 -1.27480781
-0.550868332 -1.49843466
-0.571129024 -1.21453345
-1.02844036 -1.41496515
-0.672641635 -1.16833222
-0.904043078 -1.47420645
-0.85322994 -1.26921082
-0.935931742 -1.24323535
-0.768515468 -1.02933049
-0.828227997 -0.762592137
-0.87281853 -1.24882317
-1.21045864 -1.08257961
-1.13447595 -1.29532313
-0.902976692 -0.858549356
-1.29725826 -0.90904206
-0.766815066 -1.2459209
-1.0798502 -0.713555634
-1.17657483 -0.925263405
-0.920816422 -0.922095656
-1.37556374 -0.610595882
-1.4163357 -0.376899749
-1.67933226 -0.389582694
-1.21323383 -0.250415802
-1.16420031 -0.22478579
-1.28434861 -0.577279747
-1.17219341 -0.447870702
-1.42889547 -0.554319799
-0.961767733 -0.00424528355
-1.28830147 -0.317076504
-1.37494147 0.218745217
-1.49104524 -0.358821213
-1.46963573 -0.331575274
-1.44403541 -0.376826674
-1.0978117 -0.12799716
-0.948575377 0.223207816
-0.969271958 0.273914486
-0.931571066 -0.0244295355
-1.03725445 0.270409703
-1.14519477 0.262382716
-0.932010472 0.298471659
-0.890931129 0.311283946
-1.2847594 0.456763029
-1.03693843 0.275732011
-0.516862571 0.538613915
-0.766013682 0.695869148
-1.13621068 0.523445547
-0.442479789 0.767210066
-0.473524332 0.62342602
-0.730732203 0.693296671
-0.904101849 0.784965336
-0.600847006 0.759170532
-0.528736413 0.421623766
-0.485080332 0.919314206
-0.359042436 0.73685348
-0.342288733 0.714412689
-0.325535029 0.691971838
-0.308781296 0.669531047
-0.292027593 0.647090256
-0.27527386 0.624649405
-0.258520156 0.602208614
-0.241766438 0.579767764
-0.22501272 0.557326972
-0.208259016 0.534886181
-0.191505298 0.512445331
-0.17475158 0.49000451
-0.157997862 0.467563719
-0.141244143 0.445122898
-0.124490432 0.422682077
-0.107736714 0.400241256
-0.0909830034 0.377800435
-0.0742292851 0.355359614
-0.0574755706 0.332918823
-0.0407218561 0.310478002
-0.0239681415 0.288037181
-0.0072144256 0.26559636
0.0095392894 0.243155539
0.0262930058 0.220714733
0.0430467203 0.198273912
0.0598004349 0.175833091
0.0765541494 0.153392285
0.0933078676 0.130951464
0.110061578 0.108510643
0.126815304 0.0860698298
0.143569008 0.0636290163
0.160322726 0.0411881991
0.177076444 0.0187473819
0.134809956 -0.0584615394
-0.141740322 -0.155896842
0.0878164172 -0.252601206
0.327080905 -0.150691986
-0.209360361 -0.256694555
-0.0743370503 -0.209569871
0.035876248 0.0736586228
0.0495900027 -0.36483714
0.10988421 -0.402615935
-0.17338042 -0.501381934
-0.0320067815 -0.427050322
-0.140835524 -0.340355754
-0.285997421 -0.377937645
-0.129424334 -0.414444625
-0.0915162861 -0.0932402462
-0.320134819 -0.143244147
-0.0750841871 -0.304291189
-0.490832657 -0.142242089
-0.539927602 -0.0121745383
-0.155322492 0.0288961381
-0.262332231 -0.225126296
-0.281450242 -0.0832559168
-0.299735874 -0.282476783
-0.0680585876 -0.0571566857
-0.433008641 -0.272195309
-0.454037786 -0.00155553478
-0.237593308 -0.032702066
-0.505644739 -0.311670333
-0.156794235 -0.107608333
-0.492738158 -0.15503706
-0.160723716 -0.137073219
-0.229810163 -0.0341325104
0.0224469528 0.186379045
-0.418228507 0.207165301
-0.229312137 0.0134399664
-0.378441364 -0.0791202039
-0.22403425 0.354305148
-0.719474852 -0.0293442383
-0.587691188 0.371914327
-0.360053629 0.435867697
-0.418602169 0.254487544
-0.5815292 0.463527381
-0.375707597 0.388814747
-0.510778725 0.437047154
-0.386723965 0.331029683
-0.506624818 0.437531531
-0.445812613 0.619084179
-0.453199834 0.454403073
-0.393396735 0.336674273
-0.0682590008 0.421125174
-0.23848781 0.532240927
-0.376734555 0.62566185
-0.257180214 0.60075736
-0.109958366 0.595219016
-0.15502587 0.462609082
-0.215280727 0.586802721
-0.0697438493 0.435445219
-0.0773325562 0.420616627
-0.0701141059 0.605505168
-0.263143331 0.71110332
-0.152979568 0.659133196
-0.0354308747 0.685830951
0.262962967 0.912945449
0.430448532 0.831537545
0.107914791 0.507738531
0.14003998 0.736056328
0.177483007 0.686757326
0.232939422 0.591948092
0.395323664 0.829088211
0.293935031 0.92755717
0.44143036 0.80320102
0.107410274 0.890947998
0.208987683 0.590290666
0.201296896 0.546001256
0.527792275 0.808788121
0.648538351 0.187403917
0.407193303 0.543841898
0.574948192 0.290162832
0.408021778 0.609165311
0.613121986 0.31600666
0.593710542 0.323090792
0.868059516 0.644055426
0.652948022 0.652433991
0.694419503 0.82119602
0.518778563 0.743486345
0.810257077 0.401075065
0.664063931 0.433659852
0.725531638 0.497294366
0.904611588 0.225658596
0.80696398 0.358215809
1.01009619 0.132935971
0.835283995 0.178796858
0.862391114 0.359523565
0.70979166 0.0657775924
0.721398056 0.17593962
1.04321373 0.137843207
1.18341017 0.255473495
0.955934525 0.453953326
0.909712493 0.110531375
1.01034248 0.138257012
0.899014056 0.0877456516
1.13646448 0.0629081354
1.00573003 0.174170464
0.916139543 0.0996643975
0.928997099 -0.144937113
0.703480065 -0.00599985663
0.908074141 -0.093078576
1.10273242 -0.122391537
0.976445138 -0.142164737
1.1180768 -0.210432932
1.05020261 -0.253188968
